2 1 1024
y1 y2 x
-5 -5 764.225092251 
-5 -4.6875 762.795491236 
-5 -4.375 761.437961255 
-5 -4.0625 760.152502306 
-5 -3.75 758.939114391 
-5 -3.4375 757.797797509 
-5 -3.125 756.728551661 
-5 -2.8125 755.731376845 
-5 -2.5 754.806273063 
-5 -2.1875 753.953240314 
-5 -1.875 753.172278598 
-5 -1.5625 752.463387915 
-5 -1.25 751.826568266 
-5 -0.9375 751.261819649 
-5 -0.625 750.769142066 
-5 -0.3125 750.348535517 
-5 0 750 
-5 0.3125 749.723535517 
-5 0.625 749.519142066 
-5 0.9375 749.386819649 
-5 1.25 749.326568266 
-5 1.5625 749.338387915 
-5 1.875 749.422278598 
-5 2.1875 749.578240314 
-5 2.5 749.806273063 
-5 2.8125 750.106376845 
-5 3.125 750.478551661 
-5 3.4375 750.922797509 
-5 3.75 751.439114391 
-5 4.0625 752.027502306 
-5 4.375 752.687961255 
-5 4.6875 753.420491236 
-4.6875 -5 600.019541103 
-4.6875 -4.6875 598.589940089 
-4.6875 -4.375 597.232410107 
-4.6875 -4.0625 595.946951159 
-4.6875 -3.75 594.733563244 
-4.6875 -3.4375 593.592246362 
-4.6875 -3.125 592.523000513 
-4.6875 -2.8125 591.525825698 
-4.6875 -2.5 590.600721915 
-4.6875 -2.1875 589.747689166 
-4.6875 -1.875 588.96672745 
-4.6875 -1.5625 588.257836768 
-4.6875 -1.25 587.621017118 
-4.6875 -0.9375 587.056268502 
-4.6875 -0.625 586.563590919 
-4.6875 -0.3125 586.142984369 
-4.6875 0 585.794448853 
-4.6875 0.3125 585.517984369 
-4.6875 0.625 585.313590919 
-4.6875 0.9375 585.181268502 
-4.6875 1.25 585.121017118 
-4.6875 1.5625 585.132836768 
-4.6875 1.875 585.21672745 
-4.6875 2.1875 585.372689166 
-4.6875 2.5 585.600721915 
-4.6875 2.8125 585.900825698 
-4.6875 3.125 586.273000513 
-4.6875 3.4375 586.717246362 
-4.6875 3.75 587.233563244 
-4.6875 4.0625 587.821951159 
-4.6875 4.375 588.482410107 
-4.6875 4.6875 589.214940089 
-4.375 -5 464.328852017 
-4.375 -4.6875 462.899251002 
-4.375 -4.375 461.54172102 
-4.375 -4.0625 460.256262072 
-4.375 -3.75 459.042874157 
-4.375 -3.4375 457.901557275 
-4.375 -3.125 456.832311426 
-4.375 -2.8125 455.835136611 
-4.375 -2.5 454.910032828 
-4.375 -2.1875 454.057000079 
-4.375 -1.875 453.276038363 
-4.375 -1.5625 452.567147681 
-4.375 -1.25 451.930328031 
-4.375 -0.9375 451.365579415 
-4.375 -0.625 450.872901832 
-4.375 -0.3125 450.452295282 
-4.375 0 450.103759766 
-4.375 0.3125 449.827295282 
-4.375 0.625 449.622901832 
-4.375 0.9375 449.490579415 
-4.375 1.25 449.430328031 
-4.375 1.5625 449.442147681 
-4.375 1.875 449.526038363 
-4.375 2.1875 449.682000079 
-4.375 2.5 449.910032828 
-4.375 2.8125 450.210136611 
-4.375 3.125 450.582311426 
-4.375 3.4375 451.026557275 
-4.375 3.75 451.542874157 
-4.375 4.0625 452.131262072 
-4.375 4.375 452.79172102 
-4.375 4.6875 453.524251002 
-4.0625 -5 353.6511329 
-4.0625 -4.6875 352.221531886 
-4.0625 -4.375 350.864001904 
-4.0625 -4.0625 349.578542956 
-4.0625 -3.75 348.365155041 
-4.0625 -3.4375 347.223838159 
-4.0625 -3.125 346.15459231 
-4.0625 -2.8125 345.157417494 
-4.0625 -2.5 344.232313712 
-4.0625 -2.1875 343.379280963 
-4.0625 -1.875 342.598319247 
-4.0625 -1.5625 341.889428565 
-4.0625 -1.25 341.252608915 
-4.0625 -0.9375 340.687860299 
-4.0625 -0.625 340.195182716 
-4.0625 -0.3125 339.774576166 
-4.0625 0 339.426040649 
-4.0625 0.3125 339.149576166 
-4.0625 0.625 338.945182716 
-4.0625 0.9375 338.812860299 
-4.0625 1.25 338.752608915 
-4.0625 1.5625 338.764428565 
-4.0625 1.875 338.848319247 
-4.0625 2.1875 339.004280963 
-4.0625 2.5 339.232313712 
-4.0625 2.8125 339.532417494 
-4.0625 3.125 339.90459231 
-4.0625 3.4375 340.348838159 
-4.0625 3.75 340.865155041 
-4.0625 4.0625 341.453542956 
-4.0625 4.375 342.114001904 
-4.0625 4.6875 342.846531886 
-3.75 -5 264.713373501 
-3.75 -4.6875 263.283772486 
-3.75 -4.375 261.926242505 
-3.75 -4.0625 260.640783556 
-3.75 -3.75 259.427395641 
-3.75 -3.4375 258.286078759 
-3.75 -3.125 257.216832911 
-3.75 -2.8125 256.219658095 
-3.75 -2.5 255.294554313 
-3.75 -2.1875 254.441521564 
-3.75 -1.875 253.660559848 
-3.75 -1.5625 252.951669165 
-3.75 -1.25 252.314849516 
-3.75 -0.9375 251.750100899 
-3.75 -0.625 251.257423316 
-3.75 -0.3125 250.836816767 
-3.75 0 250.48828125 
-3.75 0.3125 250.211816767 
-3.75 0.625 250.007423316 
-3.75 0.9375 249.875100899 
-3.75 1.25 249.814849516 
-3.75 1.5625 249.826669165 
-3.75 1.875 249.910559848 
-3.75 2.1875 250.066521564 
-3.75 2.5 250.294554313 
-3.75 2.8125 250.594658095 
-3.75 3.125 250.966832911 
-3.75 3.4375 251.411078759 
-3.75 3.75 251.927395641 
-3.75 4.0625 252.515783556 
-3.75 4.375 253.176242505 
-3.75 4.6875 253.908772486 
-3.4375 -5 194.4714454 
-3.4375 -4.6875 193.041844386 
-3.4375 -4.375 191.684314404 
-3.4375 -4.0625 190.398855456 
-3.4375 -3.75 189.185467541 
-3.4375 -3.4375 188.044150659 
-3.4375 -3.125 186.97490481 
-3.4375 -2.8125 185.977729994 
-3.4375 -2.5 185.052626212 
-3.4375 -2.1875 184.199593463 
-3.4375 -1.875 183.418631747 
-3.4375 -1.5625 182.709741065 
-3.4375 -1.25 182.072921415 
-3.4375 -0.9375 181.508172799 
-3.4375 -0.625 181.015495216 
-3.4375 -0.3125 180.594888666 
-3.4375 0 180.246353149 
-3.4375 0.3125 179.969888666 
-3.4375 0.625 179.765495216 
-3.4375 0.9375 179.633172799 
-3.4375 1.25 179.572921415 
-3.4375 1.5625 179.584741065 
-3.4375 1.875 179.668631747 
-3.4375 2.1875 179.824593463 
-3.4375 2.5 180.052626212 
-3.4375 2.8125 180.352729994 
-3.4375 3.125 180.72490481 
-3.4375 3.4375 181.169150659 
-3.4375 3.75 181.685467541 
-3.4375 4.0625 182.273855456 
-3.4375 4.375 182.934314404 
-3.4375 4.6875 183.666844386 
-3.125 -5 140.110102017 
-3.125 -4.6875 138.680501002 
-3.125 -4.375 137.32297102 
-3.125 -4.0625 136.037512072 
-3.125 -3.75 134.824124157 
-3.125 -3.4375 133.682807275 
-3.125 -3.125 132.613561426 
-3.125 -2.8125 131.616386611 
-3.125 -2.5 130.691282828 
-3.125 -2.1875 129.838250079 
-3.125 -1.875 129.057288363 
-3.125 -1.5625 128.348397681 
-3.125 -1.25 127.711578031 
-3.125 -0.9375 127.146829415 
-3.125 -0.625 126.654151832 
-3.125 -0.3125 126.233545282 
-3.125 0 125.885009766 
-3.125 0.3125 125.608545282 
-3.125 0.625 125.404151832 
-3.125 0.9375 125.271829415 
-3.125 1.25 125.211578031 
-3.125 1.5625 125.223397681 
-3.125 1.875 125.307288363 
-3.125 2.1875 125.463250079 
-3.125 2.5 125.691282828 
-3.125 2.8125 125.991386611 
-3.125 3.125 126.363561426 
-3.125 3.4375 126.807807275 
-3.125 3.75 127.324124157 
-3.125 4.0625 127.912512072 
-3.125 4.375 128.57297102 
-3.125 4.6875 129.305501002 
-2.8125 -5 99.0429786035 
-2.8125 -4.6875 97.6133775887 
-2.8125 -4.375 96.2558476072 
-2.8125 -4.0625 94.9703886588 
-2.8125 -3.75 93.7570007437 
-2.8125 -3.4375 92.6156838618 
-2.8125 -3.125 91.5464380131 
-2.8125 -2.8125 90.5492631976 
-2.8125 -2.5 89.6241594153 
-2.8125 -2.1875 88.7711266662 
-2.8125 -1.875 87.9901649503 
-2.8125 -1.5625 87.2812742677 
-2.8125 -1.25 86.6444546182 
-2.8125 -0.9375 86.079706002 
-2.8125 -0.625 85.587028419 
-2.8125 -0.3125 85.1664218691 
-2.8125 0 84.8178863525 
-2.8125 0.3125 84.5414218691 
-2.8125 0.625 84.337028419 
-2.8125 0.9375 84.204706002 
-2.8125 1.25 84.1444546182 
-2.8125 1.5625 84.1562742677 
-2.8125 1.875 84.2401649503 
-2.8125 2.1875 84.3961266662 
-2.8125 2.5 84.6241594153 
-2.8125 2.8125 84.9242631976 
-2.8125 3.125 85.2964380131 
-2.8125 3.4375 85.7406838618 
-2.8125 3.75 86.2570007437 
-2.8125 4.0625 86.8453886588 
-2.8125 4.375 87.5058476072 
-2.8125 4.6875 88.2383775887 
-2.5 -5 68.9125922509 
-2.5 -4.6875 67.4829912362 
-2.5 -4.375 66.1254612546 
-2.5 -4.0625 64.8400023063 
-2.5 -3.75 63.6266143911 
-2.5 -3.4375 62.4852975092 
-2.5 -3.125 61.4160516605 
-2.5 -2.8125 60.418876845 
-2.5 -2.5 59.4937730627 
-2.5 -2.1875 58.6407403137 
-2.5 -1.875 57.8597785978 
-2.5 -1.5625 57.1508879151 
-2.5 -1.25 56.5140682657 
-2.5 -0.9375 55.9493196494 
-2.5 -0.625 55.4566420664 
-2.5 -0.3125 55.0360355166 
-2.5 0 54.6875 
-2.5 0.3125 54.4110355166 
-2.5 0.625 54.2066420664 
-2.5 0.9375 54.0743196494 
-2.5 1.25 54.0140682657 
-2.5 1.5625 54.0258879151 
-2.5 1.875 54.1097785978 
-2.5 2.1875 54.2657403137 
-2.5 2.5 54.4937730627 
-2.5 2.8125 54.793876845 
-2.5 3.125 55.1660516605 
-2.5 3.4375 55.6102975092 
-2.5 3.75 56.1266143911 
-2.5 4.0625 56.7150023063 
-2.5 4.375 57.3754612546 
-2.5 4.6875 58.1079912362 
-2.1875 -5 47.5903418847 
-2.1875 -4.6875 46.16074087 
-2.1875 -4.375 44.8032108884 
-2.1875 -4.0625 43.5177519401 
-2.1875 -3.75 42.3043640249 
-2.1875 -3.4375 41.163047143 
-2.1875 -3.125 40.0938012943 
-2.1875 -2.8125 39.0966264788 
-2.1875 -2.5 38.1715226965 
-2.1875 -2.1875 37.3184899474 
-2.1875 -1.875 36.5375282316 
-2.1875 -1.5625 35.8286375489 
-2.1875 -1.25 35.1918178995 
-2.1875 -0.9375 34.6270692832 
-2.1875 -0.625 34.1343917002 
-2.1875 -0.3125 33.7137851504 
-2.1875 0 33.3652496338 
-2.1875 0.3125 33.0887851504 
-2.1875 0.625 32.8843917002 
-2.1875 0.9375 32.7520692832 
-2.1875 1.25 32.6918178995 
-2.1875 1.5625 32.7036375489 
-2.1875 1.875 32.7875282316 
-2.1875 2.1875 32.9434899474 
-2.1875 2.5 33.1715226965 
-2.1875 2.8125 33.4716264788 
-2.1875 3.125 33.8438012943 
-2.1875 3.4375 34.288047143 
-2.1875 3.75 34.8043640249 
-2.1875 4.0625 35.3927519401 
-2.1875 4.375 36.0532108884 
-2.1875 4.6875 36.78574087 
-1.875 -5 33.1765082665 
-1.875 -4.6875 31.7469072518 
-1.875 -4.375 30.3893772702 
-1.875 -4.0625 29.1039183219 
-1.875 -3.75 27.8905304068 
-1.875 -3.4375 26.7492135249 
-1.875 -3.125 25.6799676761 
-1.875 -2.8125 24.6827928606 
-1.875 -2.5 23.7576890784 
-1.875 -2.1875 22.9046563293 
-1.875 -1.875 22.1236946134 
-1.875 -1.5625 21.4148039308 
-1.875 -1.25 20.7779842813 
-1.875 -0.9375 20.2132356651 
-1.875 -0.625 19.720558082 
-1.875 -0.3125 19.2999515322 
-1.875 0 18.9514160156 
-1.875 0.3125 18.6749515322 
-1.875 0.625 18.470558082 
-1.875 0.9375 18.3382356651 
-1.875 1.25 18.2779842813 
-1.875 1.5625 18.2898039308 
-1.875 1.875 18.3736946134 
-1.875 2.1875 18.5296563293 
-1.875 2.5 18.7576890784 
-1.875 2.8125 19.0577928606 
-1.875 3.125 19.4299676761 
-1.875 3.4375 19.8742135249 
-1.875 3.75 20.3905304068 
-1.875 4.0625 20.9789183219 
-1.875 4.375 21.6393772702 
-1.875 4.6875 22.3719072518 
-1.5625 -5 24.0002539941 
-1.5625 -4.6875 22.5706529793 
-1.5625 -4.375 21.2131229978 
-1.5625 -4.0625 19.9276640494 
-1.5625 -3.75 18.7142761343 
-1.5625 -3.4375 17.5729592524 
-1.5625 -3.125 16.5037134037 
-1.5625 -2.8125 15.5065385882 
-1.5625 -2.5 14.5814348059 
-1.5625 -2.1875 13.7284020568 
-1.5625 -1.875 12.947440341 
-1.5625 -1.5625 12.2385496583 
-1.5625 -1.25 11.6017300088 
-1.5625 -0.9375 11.0369813926 
-1.5625 -0.625 10.5443038096 
-1.5625 -0.3125 10.1236972598 
-1.5625 0 9.77516174316 
-1.5625 0.3125 9.49869725977 
-1.5625 0.625 9.29430380958 
-1.5625 0.9375 9.16198139261 
-1.5625 1.25 9.10173000885 
-1.5625 1.5625 9.11354965829 
-1.5625 1.875 9.19744034095 
-1.5625 2.1875 9.35340205682 
-1.5625 2.5 9.58143480589 
-1.5625 2.8125 9.88153858818 
-1.5625 3.125 10.2537134037 
-1.5625 3.4375 10.6979592524 
-1.5625 3.75 11.2142761343 
-1.5625 4.0625 11.8026640494 
-1.5625 4.375 12.4631229978 
-1.5625 4.6875 13.1956529793 
-1.25 -5 18.6196235009 
-1.25 -4.6875 17.1900224862 
-1.25 -4.375 15.8324925046 
-1.25 -4.0625 14.5470335563 
-1.25 -3.75 13.3336456411 
-1.25 -3.4375 12.1923287592 
-1.25 -3.125 11.1230829105 
-1.25 -2.8125 10.125908095 
-1.25 -2.5 9.20080431273 
-1.25 -2.1875 8.34777156365 
-1.25 -1.875 7.56680984779 
-1.25 -1.5625 6.85791916513 
-1.25 -1.25 6.22109951568 
-1.25 -0.9375 5.65635089945 
-1.25 -0.625 5.16367331642 
-1.25 -0.3125 4.74306676661 
-1.25 0 4.39453125 
-1.25 0.3125 4.11806676661 
-1.25 0.625 3.91367331642 
-1.25 0.9375 3.78135089945 
-1.25 1.25 3.72109951568 
-1.25 1.5625 3.73291916513 
-1.25 1.875 3.81680984779 
-1.25 2.1875 3.97277156365 
-1.25 2.5 4.20080431273 
-1.25 2.8125 4.50090809502 
-1.25 3.125 4.87308291052 
-1.25 3.4375 5.31732875923 
-1.25 3.75 5.83364564114 
-1.25 4.0625 6.42203355627 
-1.25 4.375 7.08249250461 
-1.25 4.6875 7.81502248616 
-0.9375 -5 15.8215430566 
-0.9375 -4.6875 14.3919420418 
-0.9375 -4.375 13.0344120603 
-0.9375 -4.0625 11.7489531119 
-0.9375 -3.75 10.5355651968 
-0.9375 -3.4375 9.39424831489 
-0.9375 -3.125 8.32500246618 
-0.9375 -2.8125 7.32782765068 
-0.9375 -2.5 6.40272386839 
-0.9375 -2.1875 5.54969111932 
-0.9375 -1.875 4.76872940345 
-0.9375 -1.5625 4.05983872079 
-0.9375 -1.25 3.42301907135 
-0.9375 -0.9375 2.85827045511 
-0.9375 -0.625 2.36559287208 
-0.9375 -0.3125 1.94498632227 
-0.9375 0 1.59645080566 
-0.9375 0.3125 1.31998632227 
-0.9375 0.625 1.11559287208 
-0.9375 0.9375 0.983270455111 
-0.9375 1.25 0.923019071347 
-0.9375 1.5625 0.934838720793 
-0.9375 1.875 1.01872940345 
-0.9375 2.1875 1.17469111932 
-0.9375 2.5 1.40272386839 
-0.9375 2.8125 1.70282765068 
-0.9375 3.125 2.07500246618 
-0.9375 3.4375 2.51924831489 
-0.9375 3.75 3.03556519681 
-0.9375 4.0625 3.62395311194 
-0.9375 4.375 4.28441206028 
-0.9375 4.6875 5.01694204183 
-0.625 -5 14.6218207665 
-0.625 -4.6875 13.1922197518 
-0.625 -4.375 11.8346897702 
-0.625 -4.0625 10.5492308219 
-0.625 -3.75 9.33584290677 
-0.625 -3.4375 8.19452602485 
-0.625 -3.125 7.12528017614 
-0.625 -2.8125 6.12810536064 
-0.625 -2.5 5.20300157836 
-0.625 -2.1875 4.34996882928 
-0.625 -1.875 3.56900711341 
-0.625 -1.5625 2.86011643075 
-0.625 -1.25 2.22329678131 
-0.625 -0.9375 1.65854816507 
-0.625 -0.625 1.16587058205 
-0.625 -0.3125 0.74526403223 
-0.625 0 0.396728515625 
-0.625 0.3125 0.12026403223 
-0.625 0.625 -0.0841294179543 
-0.625 0.9375 -0.216451834929 
-0.625 1.25 -0.276703218692 
-0.625 1.5625 -0.264883569246 
-0.625 1.875 -0.180992886589 
-0.625 2.1875 -0.0250311707219 
-0.625 2.5 0.203001578356 
-0.625 2.8125 0.503105360643 
-0.625 3.125 0.875280176142 
-0.625 3.4375 1.31952602485 
-0.625 3.75 1.83584290677 
-0.625 4.0625 2.4242308219 
-0.625 4.375 3.08468977024 
-0.625 4.6875 3.81721975179 
-0.3125 -5 14.2651465722 
-0.3125 -4.6875 12.8355455575 
-0.3125 -4.375 11.4780155759 
-0.3125 -4.0625 10.1925566276 
-0.3125 -3.75 8.97916871243 
-0.3125 -3.4375 7.83785183051 
-0.3125 -3.125 6.76860598181 
-0.3125 -2.8125 5.77143116631 
-0.3125 -2.5 4.84632738402 
-0.3125 -2.1875 3.99329463494 
-0.3125 -1.875 3.21233291908 
-0.3125 -1.5625 2.50344223642 
-0.3125 -1.25 1.86662258697 
-0.3125 -0.9375 1.30187397074 
-0.3125 -0.625 0.80919638771 
-0.3125 -0.3125 0.388589837894 
-0.3125 0 0.0400543212891 
-0.3125 0.3125 -0.236410162106 
-0.3125 0.625 -0.44080361229 
-0.3125 0.9375 -0.573126029264 
-0.3125 1.25 -0.633377413028 
-0.3125 1.5625 -0.621557763582 
-0.3125 1.875 -0.537667080925 
-0.3125 2.1875 -0.381705365058 
-0.3125 2.5 -0.15367261598 
-0.3125 2.8125 0.146431166308 
-0.3125 3.125 0.518605981806 
-0.3125 3.4375 0.962851830514 
-0.3125 3.75 1.47916871243 
-0.3125 4.0625 2.06755662756 
-0.3125 4.375 2.7280155759 
-0.3125 4.6875 3.46054555745 
0 -5 14.2250922509 
0 -4.6875 12.7954912362 
0 -4.375 11.4379612546 
0 -4.0625 10.1525023063 
0 -3.75 8.93911439114 
0 -3.4375 7.79779750923 
0 -3.125 6.72855166052 
0 -2.8125 5.73137684502 
0 -2.5 4.80627306273 
0 -2.1875 3.95324031365 
0 -1.875 3.17227859779 
0 -1.5625 2.46338791513 
0 -1.25 1.82656826568 
0 -0.9375 1.26181964945 
0 -0.625 0.769142066421 
0 -0.3125 0.348535516605 
0 0 0 
0 0.3125 -0.276464483395 
0 0.625 -0.480857933579 
0 0.9375 -0.613180350554 
0 1.25 -0.673431734317 
0 1.5625 -0.661612084871 
0 1.875 -0.577721402214 
0 2.1875 -0.421759686347 
0 2.5 -0.193726937269 
0 2.8125 0.106376845018 
0 3.125 0.478551660517 
0 3.4375 0.922797509225 
0 3.75 1.43911439114 
0 4.0625 2.02750230627 
0 4.375 2.68796125461 
0 4.6875 3.42049123616 
0.3125 -5 14.204111416 
0.3125 -4.6875 12.7745104012 
0.3125 -4.375 11.4169804197 
0.3125 -4.0625 10.1315214713 
0.3125 -3.75 8.91813355618 
0.3125 -3.4375 7.77681667426 
0.3125 -3.125 6.70757082556 
0.3125 -2.8125 5.71039601006 
0.3125 -2.5 4.78529222777 
0.3125 -2.1875 3.93225947869 
0.3125 -1.875 3.15129776283 
0.3125 -1.5625 2.44240708017 
0.3125 -1.25 1.80558743072 
0.3125 -0.9375 1.24083881449 
0.3125 -0.625 0.74816123146 
0.3125 -0.3125 0.327554681644 
0.3125 0 -0.0209808349609 
0.3125 0.3125 -0.297445318356 
0.3125 0.625 -0.50183876854 
0.3125 0.9375 -0.634161185514 
0.3125 1.25 -0.694412569278 
0.3125 1.5625 -0.682592919832 
0.3125 1.875 -0.598702237175 
0.3125 2.1875 -0.442740521308 
0.3125 2.5 -0.21470777223 
0.3125 2.8125 0.0853960100575 
0.3125 3.125 0.457570825556 
0.3125 3.4375 0.901816674264 
0.3125 3.75 1.41813355618 
0.3125 4.0625 2.00652147131 
0.3125 4.375 2.66698041965 
0.3125 4.6875 3.3995104012 
0.625 -5 14.1335395165 
0.625 -4.6875 12.7039385018 
0.625 -4.375 11.3464085202 
0.625 -4.0625 10.0609495719 
0.625 -3.75 8.84756165677 
0.625 -3.4375 7.70624477485 
0.625 -3.125 6.63699892614 
0.625 -2.8125 5.63982411064 
0.625 -2.5 4.71472032836 
0.625 -2.1875 3.86168757928 
0.625 -1.875 3.08072586341 
0.625 -1.5625 2.37183518075 
0.625 -1.25 1.73501553131 
0.625 -0.9375 1.17026691507 
0.625 -0.625 0.677589332046 
0.625 -0.3125 0.25698278223 
0.625 0 -0.091552734375 
0.625 0.3125 -0.36801721777 
0.625 0.625 -0.572410667954 
0.625 0.9375 -0.704733084929 
0.625 1.25 -0.764984468692 
0.625 1.5625 -0.753164819246 
0.625 1.875 -0.669274136589 
0.625 2.1875 -0.513312420722 
0.625 2.5 -0.285279671644 
0.625 2.8125 0.0148241106435 
0.625 3.125 0.386998926142 
0.625 3.4375 0.83124477485 
0.625 3.75 1.34756165677 
0.625 4.0625 1.9359495719 
0.625 4.375 2.59640852024 
0.625 4.6875 3.32893850179 
0.9375 -5 14.1735938378 
0.9375 -4.6875 12.7439928231 
0.9375 -4.375 11.3864628415 
0.9375 -4.0625 10.1010038932 
0.9375 -3.75 8.88761597806 
0.9375 -3.4375 7.74629909614 
0.9375 -3.125 6.67705324743 
0.9375 -2.8125 5.67987843193 
0.9375 -2.5 4.75477464964 
0.9375 -2.1875 3.90174190057 
0.9375 -1.875 3.1207801847 
0.9375 -1.5625 2.41188950204 
0.9375 -1.25 1.7750698526 
0.9375 -0.9375 1.21032123636 
0.9375 -0.625 0.717643653335 
0.9375 -0.3125 0.297037103519 
0.9375 0 -0.0514984130859 
0.9375 0.3125 -0.327962896481 
0.9375 0.625 -0.532356346665 
0.9375 0.9375 -0.664678763639 
0.9375 1.25 -0.724930147403 
0.9375 1.5625 -0.713110497957 
0.9375 1.875 -0.6292198153 
0.9375 2.1875 -0.473258099433 
0.9375 2.5 -0.245225350355 
0.9375 2.8125 0.0548784319325 
0.9375 3.125 0.427053247431 
0.9375 3.4375 0.871299096139 
0.9375 3.75 1.38761597806 
0.9375 4.0625 1.97600389319 
0.9375 4.375 2.63646284153 
0.9375 4.6875 3.36899282308 
1.25 -5 14.7133735009 
1.25 -4.6875 13.2837724862 
1.25 -4.375 11.9262425046 
1.25 -4.0625 10.6407835563 
1.25 -3.75 9.42739564114 
1.25 -3.4375 8.28607875923 
1.25 -3.125 7.21683291052 
1.25 -2.8125 6.21965809502 
1.25 -2.5 5.29455431273 
1.25 -2.1875 4.44152156365 
1.25 -1.875 3.66055984779 
1.25 -1.5625 2.95166916513 
1.25 -1.25 2.31484951568 
1.25 -0.9375 1.75010089945 
1.25 -0.625 1.25742331642 
1.25 -0.3125 0.836816766605 
1.25 0 0.48828125 
1.25 0.3125 0.211816766605 
1.25 0.625 0.00742331642066 
1.25 0.9375 -0.124899100554 
1.25 1.25 -0.185150484317 
1.25 1.5625 -0.173330834871 
1.25 1.875 -0.089440152214 
1.25 2.1875 0.0665215636531 
1.25 2.5 0.294554312731 
1.25 2.8125 0.594658095018 
1.25 3.125 0.966832910517 
1.25 3.4375 1.41107875923 
1.25 3.75 1.92739564114 
1.25 4.0625 2.51578355627 
1.25 4.375 3.17624250461 
1.25 4.6875 3.90877248616 
1.5625 -5 16.3708594628 
1.5625 -4.6875 14.9412584481 
1.5625 -4.375 13.5837284665 
1.5625 -4.0625 12.2982695182 
1.5625 -3.75 11.0848816031 
1.5625 -3.4375 9.94356472114 
1.5625 -3.125 8.87431887243 
1.5625 -2.8125 7.87714405693 
1.5625 -2.5 6.95204027464 
1.5625 -2.1875 6.09900752557 
1.5625 -1.875 5.3180458097 
1.5625 -1.5625 4.60915512704 
1.5625 -1.25 3.9723354776 
1.5625 -0.9375 3.40758686136 
1.5625 -0.625 2.91490927833 
1.5625 -0.3125 2.49430272852 
1.5625 0 2.14576721191 
1.5625 0.3125 1.86930272852 
1.5625 0.625 1.66490927833 
1.5625 0.9375 1.53258686136 
1.5625 1.25 1.4723354776 
1.5625 1.5625 1.48415512704 
1.5625 1.875 1.5680458097 
1.5625 2.1875 1.72400752557 
1.5625 2.5 1.95204027464 
1.5625 2.8125 2.25214405693 
1.5625 3.125 2.62431887243 
1.5625 3.4375 3.06856472114 
1.5625 3.75 3.58488160306 
1.5625 4.0625 4.17326951819 
1.5625 4.375 4.83372846653 
1.5625 4.6875 5.56625844808 
1.875 -5 19.9929145165 
1.875 -4.6875 18.5633135018 
1.875 -4.375 17.2057835202 
1.875 -4.0625 15.9203245719 
1.875 -3.75 14.7069366568 
1.875 -3.4375 13.5656197749 
1.875 -3.125 12.4963739261 
1.875 -2.8125 11.4991991106 
1.875 -2.5 10.5740953284 
1.875 -2.1875 9.72106257928 
1.875 -1.875 8.94010086341 
1.875 -1.5625 8.23121018075 
1.875 -1.25 7.59439053131 
1.875 -0.9375 7.02964191507 
1.875 -0.625 6.53696433205 
1.875 -0.3125 6.11635778223 
1.875 0 5.76782226563 
1.875 0.3125 5.49135778223 
1.875 0.625 5.28696433205 
1.875 0.9375 5.15464191507 
1.875 1.25 5.09439053131 
1.875 1.5625 5.10621018075 
1.875 1.875 5.19010086341 
1.875 2.1875 5.34606257928 
1.875 2.5 5.57409532836 
1.875 2.8125 5.87419911064 
1.875 3.125 6.24637392614 
1.875 3.4375 6.69061977485 
1.875 3.75 7.20693665677 
1.875 4.0625 7.7953245719 
1.875 4.375 8.45578352024 
1.875 4.6875 9.18831350179 
2.1875 -5 26.655283291 
2.1875 -4.6875 25.2256822762 
2.1875 -4.375 23.8681522947 
2.1875 -4.0625 22.5826933463 
2.1875 -3.75 21.3693054312 
2.1875 -3.4375 20.2279885493 
2.1875 -3.125 19.1587427006 
2.1875 -2.8125 18.1615678851 
2.1875 -2.5 17.2364641028 
2.1875 -2.1875 16.3834313537 
2.1875 -1.875 15.6024696378 
2.1875 -1.5625 14.8935789552 
2.1875 -1.25 14.2567593057 
2.1875 -0.9375 13.6920106895 
2.1875 -0.625 13.1993331065 
2.1875 -0.3125 12.7787265566 
2.1875 0 12.43019104 
2.1875 0.3125 12.1537265566 
2.1875 0.625 11.9493331065 
2.1875 0.9375 11.8170106895 
2.1875 1.25 11.7567593057 
2.1875 1.5625 11.7685789552 
2.1875 1.875 11.8524696378 
2.1875 2.1875 12.0084313537 
2.1875 2.5 12.2364641028 
2.1875 2.8125 12.5365678851 
2.1875 3.125 12.9087427006 
2.1875 3.4375 13.3529885493 
2.1875 3.75 13.8693054312 
2.1875 4.0625 14.4576933463 
2.1875 4.375 15.1181522947 
2.1875 4.6875 15.8506822762 
2.5 -5 37.6625922509 
2.5 -4.6875 36.2329912362 
2.5 -4.375 34.8754612546 
2.5 -4.0625 33.5900023063 
2.5 -3.75 32.3766143911 
2.5 -3.4375 31.2352975092 
2.5 -3.125 30.1660516605 
2.5 -2.8125 29.168876845 
2.5 -2.5 28.2437730627 
2.5 -2.1875 27.3907403137 
2.5 -1.875 26.6097785978 
2.5 -1.5625 25.9008879151 
2.5 -1.25 25.2640682657 
2.5 -0.9375 24.6993196494 
2.5 -0.625 24.2066420664 
2.5 -0.3125 23.7860355166 
2.5 0 23.4375 
2.5 0.3125 23.1610355166 
2.5 0.625 22.9566420664 
2.5 0.9375 22.8243196494 
2.5 1.25 22.7640682657 
2.5 1.5625 22.7758879151 
2.5 1.875 22.8597785978 
2.5 2.1875 23.0157403137 
2.5 2.5 23.2437730627 
2.5 2.8125 23.543876845 
2.5 3.125 23.9160516605 
2.5 3.4375 24.3602975092 
2.5 3.75 24.8766143911 
2.5 4.0625 25.4650023063 
2.5 4.375 26.1254612546 
2.5 4.6875 26.8579912362 
2.8125 -5 54.5483496972 
2.8125 -4.6875 53.1187486825 
2.8125 -4.375 51.7612187009 
2.8125 -4.0625 50.4757597526 
2.8125 -3.75 49.2623718374 
2.8125 -3.4375 48.1210549555 
2.8125 -3.125 47.0518091068 
2.8125 -2.8125 46.0546342913 
2.8125 -2.5 45.129530509 
2.8125 -2.1875 44.2764977599 
2.8125 -1.875 43.4955360441 
2.8125 -1.5625 42.7866453614 
2.8125 -1.25 42.149825712 
2.8125 -0.9375 41.5850770957 
2.8125 -0.625 41.0923995127 
2.8125 -0.3125 40.6717929629 
2.8125 0 40.3232574463 
2.8125 0.3125 40.0467929629 
2.8125 0.625 39.8423995127 
2.8125 0.9375 39.7100770957 
2.8125 1.25 39.649825712 
2.8125 1.5625 39.6616453614 
2.8125 1.875 39.7455360441 
2.8125 2.1875 39.9014977599 
2.8125 2.5 40.129530509 
2.8125 2.8125 40.4296342913 
2.8125 3.125 40.8018091068 
2.8125 3.4375 41.2460549555 
2.8125 3.75 41.7623718374 
2.8125 4.0625 42.3507597526 
2.8125 4.375 43.0112187009 
2.8125 4.6875 43.7437486825 
3.125 -5 79.0749457665 
3.125 -4.6875 77.6453447518 
3.125 -4.375 76.2878147702 
3.125 -4.0625 75.0023558219 
3.125 -3.75 73.7889679068 
3.125 -3.4375 72.6476510249 
3.125 -3.125 71.5784051761 
3.125 -2.8125 70.5812303606 
3.125 -2.5 69.6561265784 
3.125 -2.1875 68.8030938293 
3.125 -1.875 68.0221321134 
3.125 -1.5625 67.3132414308 
3.125 -1.25 66.6764217813 
3.125 -0.9375 66.1116731651 
3.125 -0.625 65.618995582 
3.125 -0.3125 65.1983890322 
3.125 0 64.8498535156 
3.125 0.3125 64.5733890322 
3.125 0.625 64.368995582 
3.125 0.9375 64.2366731651 
3.125 1.25 64.1764217813 
3.125 1.5625 64.1882414308 
3.125 1.875 64.2721321134 
3.125 2.1875 64.4280938293 
3.125 2.5 64.6561265784 
3.125 2.8125 64.9562303606 
3.125 3.125 65.3284051761 
3.125 3.4375 65.7726510249 
3.125 3.75 66.2889679068 
3.125 4.0625 66.8773558219 
3.125 4.375 67.5378147702 
3.125 4.6875 68.2703447518 
3.4375 -5 113.233652432 
3.4375 -4.6875 111.804051417 
3.4375 -4.375 110.446521435 
3.4375 -4.0625 109.161062487 
3.4375 -3.75 107.947674572 
3.4375 -3.4375 106.80635769 
3.4375 -3.125 105.737111841 
3.4375 -2.8125 104.739937026 
3.4375 -2.5 103.814833243 
3.4375 -2.1875 102.961800494 
3.4375 -1.875 102.180838778 
3.4375 -1.5625 101.471948096 
3.4375 -1.25 100.835128446 
3.4375 -0.9375 100.27037983 
3.4375 -0.625 99.7777022471 
3.4375 -0.3125 99.3570956973 
3.4375 0 99.0085601807 
3.4375 0.3125 98.7320956973 
3.4375 0.625 98.5277022471 
3.4375 0.9375 98.3953798301 
3.4375 1.25 98.3351284463 
3.4375 1.5625 98.3469480958 
3.4375 1.875 98.4308387785 
3.4375 2.1875 98.5868004943 
3.4375 2.5 98.8148332434 
3.4375 2.8125 99.1149370257 
3.4375 3.125 99.4871118412 
3.4375 3.4375 99.9313576899 
3.4375 3.75 100.447674572 
3.4375 4.0625 101.036062487 
3.4375 4.375 101.696521435 
3.4375 4.6875 102.429051417 
3.75 -5 159.244623501 
3.75 -4.6875 157.815022486 
3.75 -4.375 156.457492505 
3.75 -4.0625 155.172033556 
3.75 -3.75 153.958645641 
3.75 -3.4375 152.817328759 
3.75 -3.125 151.748082911 
3.75 -2.8125 150.750908095 
3.75 -2.5 149.825804313 
3.75 -2.1875 148.972771564 
3.75 -1.875 148.191809848 
3.75 -1.5625 147.482919165 
3.75 -1.25 146.846099516 
3.75 -0.9375 146.281350899 
3.75 -0.625 145.788673316 
3.75 -0.3125 145.368066767 
3.75 0 145.01953125 
3.75 0.3125 144.743066767 
3.75 0.625 144.538673316 
3.75 0.9375 144.406350899 
3.75 1.25 144.346099516 
3.75 1.5625 144.357919165 
3.75 1.875 144.441809848 
3.75 2.1875 144.597771564 
3.75 2.5 144.825804313 
3.75 2.8125 145.125908095 
3.75 3.125 145.498082911 
3.75 3.4375 145.942328759 
3.75 3.75 146.458645641 
3.75 4.0625 147.047033556 
3.75 4.375 147.707492505 
3.75 4.6875 148.440022486 
4.0625 -5 219.556894619 
4.0625 -4.6875 218.127293604 
4.0625 -4.375 216.769763623 
4.0625 -4.0625 215.484304674 
4.0625 -3.75 214.270916759 
4.0625 -3.4375 213.129599877 
4.0625 -3.125 212.060354029 
4.0625 -2.8125 211.063179213 
4.0625 -2.5 210.138075431 
4.0625 -2.1875 209.285042682 
4.0625 -1.875 208.504080966 
4.0625 -1.5625 207.795190283 
4.0625 -1.25 207.158370634 
4.0625 -0.9375 206.593622018 
4.0625 -0.625 206.100944435 
4.0625 -0.3125 205.680337885 
4.0625 0 205.331802368 
4.0625 0.3125 205.055337885 
4.0625 0.625 204.850944435 
4.0625 0.9375 204.718622018 
4.0625 1.25 204.658370634 
4.0625 1.5625 204.670190283 
4.0625 1.875 204.754080966 
4.0625 2.1875 204.910042682 
4.0625 2.5 205.138075431 
4.0625 2.8125 205.438179213 
4.0625 3.125 205.810354029 
4.0625 3.4375 206.254599877 
4.0625 3.75 206.770916759 
4.0625 4.0625 207.359304674 
4.0625 4.375 208.019763623 
4.0625 4.6875 208.752293604 
4.375 -5 296.848383267 
4.375 -4.6875 295.418782252 
4.375 -4.375 294.06125227 
4.375 -4.0625 292.775793322 
4.375 -3.75 291.562405407 
4.375 -3.4375 290.421088525 
4.375 -3.125 289.351842676 
4.375 -2.8125 288.354667861 
4.375 -2.5 287.429564078 
4.375 -2.1875 286.576531329 
4.375 -1.875 285.795569613 
4.375 -1.5625 285.086678931 
4.375 -1.25 284.449859281 
4.375 -0.9375 283.885110665 
4.375 -0.625 283.392433082 
4.375 -0.3125 282.971826532 
4.375 0 282.623291016 
4.375 0.3125 282.346826532 
4.375 0.625 282.142433082 
4.375 0.9375 282.010110665 
4.375 1.25 281.949859281 
4.375 1.5625 281.961678931 
4.375 1.875 282.045569613 
4.375 2.1875 282.201531329 
4.375 2.5 282.429564078 
4.375 2.8125 282.729667861 
4.375 3.125 283.101842676 
4.375 3.4375 283.546088525 
4.375 3.75 284.062405407 
4.375 4.0625 284.650793322 
4.375 4.375 285.31125227 
4.375 4.6875 286.043782252 
4.6875 -5 394.02588876 
4.6875 -4.6875 392.596287745 
4.6875 -4.375 391.238757763 
4.6875 -4.0625 389.953298815 
4.6875 -3.75 388.7399109 
4.6875 -3.4375 387.598594018 
4.6875 -3.125 386.529348169 
4.6875 -2.8125 385.532173354 
4.6875 -2.5 384.607069572 
4.6875 -2.1875 383.754036822 
4.6875 -1.875 382.973075107 
4.6875 -1.5625 382.264184424 
4.6875 -1.25 381.627364774 
4.6875 -0.9375 381.062616158 
4.6875 -0.625 380.569938575 
4.6875 -0.3125 380.149332025 
4.6875 0 379.800796509 
4.6875 0.3125 379.524332025 
4.6875 0.625 379.319938575 
4.6875 0.9375 379.187616158 
4.6875 1.25 379.127364774 
4.6875 1.5625 379.139184424 
4.6875 1.875 379.223075107 
4.6875 2.1875 379.379036822 
4.6875 2.5 379.607069572 
4.6875 2.8125 379.907173354 
4.6875 3.125 380.279348169 
4.6875 3.4375 380.723594018 
4.6875 3.75 381.2399109 
4.6875 4.0625 381.828298815 
4.6875 4.375 382.488757763 
4.6875 4.6875 383.221287745 
