1 1 1024
x y
-5 2276.0
-4.990234375 2260.07426087
-4.98046875 2244.23045491
-4.970703125 2228.46830898
-4.9609375 2212.78755034
-4.951171875 2197.18790672
-4.94140625 2181.66910628
-4.931640625 2166.2308776
-4.921875 2150.87294972
-4.912109375 2135.5950521
-4.90234375 2120.39691465
-4.892578125 2105.27826769
-4.8828125 2090.23884202
-4.873046875 2075.27836883
-4.86328125 2060.39657978
-4.853515625 2045.59320695
-4.84375 2030.86798286
-4.833984375 2016.22064048
-4.82421875 2001.65091319
-4.814453125 1987.15853482
-4.8046875 1972.74323965
-4.794921875 1958.40476237
-4.78515625 1944.14283814
-4.775390625 1929.95720251
-4.765625 1915.84759152
-4.755859375 1901.8137416
-4.74609375 1887.85538966
-4.736328125 1873.97227299
-4.7265625 1860.16412938
-4.716796875 1846.43069702
-4.70703125 1832.77171453
-4.697265625 1819.18692099
-4.6875 1805.67605591
-4.677734375 1792.23885922
-4.66796875 1778.87507131
-4.658203125 1765.58443299
-4.6484375 1752.36668552
-4.638671875 1739.22157058
-4.62890625 1726.1488303
-4.619140625 1713.14820723
-4.609375 1700.21944439
-4.599609375 1687.36228521
-4.58984375 1674.57647355
-4.580078125 1661.86175373
-4.5703125 1649.21787048
-4.560546875 1636.644569
-4.55078125 1624.14159489
-4.541015625 1611.70869422
-4.53125 1599.34561348
-4.521484375 1587.05209959
-4.51171875 1574.82789991
-4.501953125 1562.67276225
-4.4921875 1550.58643485
-4.482421875 1538.56866637
-4.47265625 1526.61920594
-4.462890625 1514.73780309
-4.453125 1502.92420781
-4.443359375 1491.17817052
-4.43359375 1479.49944207
-4.423828125 1467.88777377
-4.4140625 1456.34291733
-4.404296875 1444.86462493
-4.39453125 1433.45264917
-4.384765625 1422.10674309
-4.375 1410.82666016
-4.365234375 1399.61215429
-4.35546875 1388.46297985
-4.345703125 1377.3788916
-4.3359375 1366.35964478
-4.326171875 1355.40499504
-4.31640625 1344.51469848
-4.306640625 1333.68851162
-4.296875 1322.92619145
-4.287109375 1312.22749536
-4.27734375 1301.59218119
-4.267578125 1291.02000723
-4.2578125 1280.51073218
-4.248046875 1270.0641152
-4.23828125 1259.67991588
-4.228515625 1249.35789424
-4.21875 1239.09781075
-4.208984375 1228.89942629
-4.19921875 1218.7625022
-4.189453125 1208.68680026
-4.1796875 1198.67208267
-4.169921875 1188.71811207
-4.16015625 1178.82465155
-4.150390625 1168.99146463
-4.140625 1159.21831524
-4.130859375 1149.5049678
-4.12109375 1139.85118711
-4.111328125 1130.25673845
-4.1015625 1120.72138751
-4.091796875 1111.24490044
-4.08203125 1101.82704379
-4.072265625 1092.46758459
-4.0625 1083.16629028
-4.052734375 1073.92292874
-4.04296875 1064.73726829
-4.033203125 1055.60907769
-4.0234375 1046.53812612
-4.013671875 1037.52418322
-4.00390625 1028.56701905
-3.994140625 1019.66640411
-3.984375 1010.82210934
-3.974609375 1002.03390612
-3.96484375 993.301566259
-3.955078125 984.624862001
-3.9453125 976.003566034
-3.935546875 967.437451478
-3.92578125 958.926291891
-3.916015625 950.469861267
-3.90625 942.067934036
-3.896484375 933.720285067
-3.88671875 925.426689663
-3.876953125 917.186923564
-3.8671875 909.000762947
-3.857421875 900.867984426
-3.84765625 892.788365052
-3.837890625 884.76168231
-3.828125 876.787714124
-3.818359375 868.866238853
-3.80859375 860.997035295
-3.798828125 853.179882682
-3.7890625 845.414560683
-3.779296875 837.700849405
-3.76953125 830.038529389
-3.759765625 822.427381616
-3.75 814.8671875
-3.740234375 807.357728894
-3.73046875 799.898788088
-3.720703125 792.490147805
-3.7109375 785.131591208
-3.701171875 777.822901896
-3.69140625 770.563863904
-3.681640625 763.354261702
-3.671875 756.1938802
-3.662109375 749.082504742
-3.65234375 742.01992111
-3.642578125 735.00591552
-3.6328125 728.040274628
-3.623046875 721.122785524
-3.61328125 714.253235735
-3.603515625 707.431413227
-3.59375 700.6571064
-3.583984375 693.930104089
-3.57421875 687.250195571
-3.564453125 680.617170554
-3.5546875 674.030819185
-3.544921875 667.490932048
-3.53515625 660.997300163
-3.525390625 654.549714987
-3.515625 648.147968411
-3.505859375 641.791852767
-3.49609375 635.48116082
-3.486328125 629.215685773
-3.4765625 622.995221265
-3.466796875 616.819561372
-3.45703125 610.688500606
-3.447265625 604.601833917
-3.4375 598.559356689
-3.427734375 592.560864746
-3.41796875 586.606154345
-3.408203125 580.695022183
-3.3984375 574.827265389
-3.388671875 569.002681534
-3.37890625 563.221068621
-3.369140625 557.482225093
-3.359375 551.785949826
-3.349609375 546.132042137
-3.33984375 540.520301775
-3.330078125 534.950528928
-3.3203125 529.422524221
-3.310546875 523.936088715
-3.30078125 518.491023906
-3.291015625 513.087131729
-3.28125 507.724214554
-3.271484375 502.402075188
-3.26171875 497.120516874
-3.251953125 491.879343294
-3.2421875 486.678358562
-3.232421875 481.517367234
-3.22265625 476.396174297
-3.212890625 471.31458518
-3.203125 466.272405744
-3.193359375 461.269442289
-3.18359375 456.305501551
-3.173828125 451.380390703
-3.1640625 446.493917353
-3.154296875 441.645889549
-3.14453125 436.836115771
-3.134765625 432.064404938
-3.125 427.330566406
-3.115234375 422.634409967
-3.10546875 417.97574585
-3.095703125 413.354384718
-3.0859375 408.770137675
-3.076171875 404.222816258
-3.06640625 399.712232441
-3.056640625 395.238198637
-3.046875 390.800527692
-3.037109375 386.399032891
-3.02734375 382.033527956
-3.017578125 377.703827043
-3.0078125 373.409744747
-2.998046875 369.151096098
-2.98828125 364.927696564
-2.978515625 360.739362048
-2.96875 356.58590889
-2.958984375 352.467153867
-2.94921875 348.382914193
-2.939453125 344.333007518
-2.9296875 340.317251928
-2.919921875 336.335465946
-2.91015625 332.387468532
-2.900390625 328.473079082
-2.890625 324.592117429
-2.880859375 320.744403841
-2.87109375 316.929759026
-2.861328125 313.148004125
-2.8515625 309.398960717
-2.841796875 305.682450818
-2.83203125 301.99829688
-2.822265625 298.346321791
-2.8125 294.726348877
-2.802734375 291.138201899
-2.79296875 287.581705057
-2.783203125 284.056682983
-2.7734375 280.562960751
-2.763671875 277.100363868
-2.75390625 273.668718279
-2.744140625 270.267850364
-2.734375 266.897586942
-2.724609375 263.557755266
-2.71484375 260.248183027
-2.705078125 256.968698354
-2.6953125 253.719129808
-2.685546875 250.499306392
-2.67578125 247.309057542
-2.666015625 244.148213131
-2.65625 241.01660347
-2.646484375 237.914059305
-2.63671875 234.84041182
-2.626953125 231.795492634
-2.6171875 228.779133804
-2.607421875 225.791167823
-2.59765625 222.831427619
-2.587890625 219.89974656
-2.578125 216.995958447
-2.568359375 214.119897521
-2.55859375 211.271398455
-2.548828125 208.450296364
-2.5390625 205.656426795
-2.529296875 202.889625734
-2.51953125 200.149729603
-2.509765625 197.43657526
-2.5 194.75
-2.490234375 192.089841555
-2.48046875 189.455938094
-2.470703125 186.84812822
-2.4609375 184.266250975
-2.451171875 181.710145838
-2.44140625 179.179652721
-2.431640625 176.674611977
-2.421875 174.194864392
-2.412109375 171.740251191
-2.40234375 169.310614035
-2.392578125 166.90579502
-2.3828125 164.52563668
-2.373046875 162.169981986
-2.36328125 159.838674345
-2.353515625 157.531557599
-2.34375 155.248476028
-2.333984375 152.98927435
-2.32421875 150.753797718
-2.314453125 148.54189172
-2.3046875 146.353402384
-2.294921875 144.188176171
-2.28515625 142.046059981
-2.275390625 139.926901151
-2.265625 137.830547452
-2.255859375 135.756847093
-2.24609375 133.705648721
-2.236328125 131.676801416
-2.2265625 129.670154698
-2.216796875 127.685558522
-2.20703125 125.72286328
-2.197265625 123.781919799
-2.1875 121.862579346
-2.177734375 119.96469362
-2.16796875 118.088114761
-2.158203125 116.232695343
-2.1484375 114.398288377
-2.138671875 112.58474731
-2.12890625 110.791926027
-2.119140625 109.019678848
-2.109375 107.267860532
-2.099609375 105.536326271
-2.08984375 103.824931697
-2.080078125 102.133532875
-2.0703125 100.461986311
-2.060546875 98.8101489432
-2.05078125 97.1778781493
-2.041015625 95.5650317422
-2.03125 93.9714679718
-2.021484375 92.3970455244
-2.01171875 90.8416235228
-2.001953125 89.3050615266
-1.9921875 87.7872195318
-1.982421875 86.287957971
-1.97265625 84.8071377133
-1.962890625 83.3446200644
-1.953125 81.9002667665
-1.943359375 80.4739399986
-1.93359375 79.0655023758
-1.923828125 77.6748169503
-1.9140625 76.3017472103
-1.904296875 74.9461570811
-1.89453125 73.6079109241
-1.884765625 72.2868735376
-1.875 70.9829101562
-1.865234375 69.6958864513
-1.85546875 68.4256685306
-1.845703125 67.1721229386
-1.8359375 65.9351166561
-1.826171875 64.7145171007
-1.81640625 63.5101921265
-1.806640625 62.322010024
-1.796875 61.1498395205
-1.787109375 59.9935497796
-1.77734375 58.8530104016
-1.767578125 57.7280914234
-1.7578125 56.6186633185
-1.748046875 55.5245969966
-1.73828125 54.4457638045
-1.728515625 53.3820355251
-1.71875 52.3332843781
-1.708984375 51.2993830196
-1.69921875 50.2802045424
-1.689453125 49.2756224759
-1.6796875 48.2855107859
-1.669921875 47.3097438747
-1.66015625 46.3481965815
-1.650390625 45.4007441816
-1.640625 44.4672623873
-1.630859375 43.5476273471
-1.62109375 42.6417156463
-1.611328125 41.7494043066
-1.6015625 40.8705707863
-1.591796875 40.0050929804
-1.58203125 39.1528492202
-1.572265625 38.3137182738
-1.5625 37.4875793457
-1.552734375 36.674312077
-1.54296875 35.8737965454
-1.533203125 35.0859132652
-1.5234375 34.310543187
-1.513671875 33.5475676982
-1.50390625 32.7968686228
-1.494140625 32.0583282211
-1.484375 31.3318291903
-1.474609375 30.6172546638
-1.46484375 29.9144882117
-1.455078125 29.2234138409
-1.4453125 28.5439159945
-1.435546875 27.8758795522
-1.42578125 27.2191898306
-1.416015625 26.5737325824
-1.40625 25.9393939972
-1.396484375 25.3160607009
-1.38671875 24.7036197563
-1.376953125 24.1019586623
-1.3671875 23.5109653547
-1.357421875 22.9305282058
-1.34765625 22.3605360244
-1.337890625 21.8008780559
-1.328125 21.2514439821
-1.318359375 20.7121239216
-1.30859375 20.1828084295
-1.298828125 19.6633884972
-1.2890625 19.1537555531
-1.279296875 18.6538014617
-1.26953125 18.1634185244
-1.259765625 17.6824994791
-1.25 17.2109375
-1.240234375 16.7486261982
-1.23046875 16.2954596211
-1.220703125 15.8513322529
-1.2109375 15.4161390141
-1.201171875 14.9897752619
-1.19140625 14.57213679
-1.181640625 14.1631198288
-1.171875 13.7626210451
-1.162109375 13.3705375423
-1.15234375 12.9867668604
-1.142578125 12.6112069758
-1.1328125 12.2437563017
-1.123046875 11.8843136877
-1.11328125 11.53277842
-1.103515625 11.1890502214
-1.09375 10.8530292511
-1.083984375 10.524616105
-1.07421875 10.2037118156
-1.064453125 9.89021785188
-1.0546875 9.58403611928
-1.044921875 9.28506895996
-1.03515625 8.99321915256
-1.025390625 8.7083899123
-1.015625 8.43048489094
-1.005859375 8.15940817681
-0.99609375 7.8950642948
-0.986328125 7.63735820635
-0.9765625 7.38619530946
-0.966796875 7.14148143868
-0.95703125 6.90312286513
-0.947265625 6.67102629648
-0.9375 6.44509887695
-0.927734375 6.22524818734
-0.91796875 6.01138224499
-0.908203125 5.8034095038
-0.8984375 5.60123885423
-0.888671875 5.40477962329
-0.87890625 5.21394157456
-0.869140625 5.02863490817
-0.859375 4.84877026081
-0.849609375 4.67425870572
-0.83984375 4.50501175271
-0.830078125 4.34094134814
-0.8203125 4.18195987493
-0.810546875 4.02798015255
-0.80078125 3.87891543703
-0.791015625 3.73467942097
-0.78125 3.59518623352
-0.771484375 3.46035044038
-0.76171875 3.33008704381
-0.751953125 3.20431148264
-0.7421875 3.08293963224
-0.732421875 2.96588780454
-0.72265625 2.85307274805
-0.712890625 2.74441164781
-0.703125 2.63982212543
-0.693359375 2.53922223908
-0.68359375 2.44253048347
-0.673828125 2.34966578989
-0.6640625 2.26054752618
-0.654296875 2.17509549673
-0.64453125 2.09322994249
-0.634765625 2.01487154097
-0.625 1.93994140625
-0.615234375 1.86836108894
-0.60546875 1.80005257623
-0.595703125 1.73493829186
-0.5859375 1.67294109613
-0.576171875 1.61398428588
-0.56640625 1.55799159454
-0.556640625 1.50488719207
-0.546875 1.45459568501
-0.537109375 1.40704211642
-0.52734375 1.36215196596
-0.517578125 1.31985114983
-0.5078125 1.28006602079
-0.498046875 1.24272336814
-0.48828125 1.20775041776
-0.478515625 1.17507483208
-0.46875 1.14462471008
-0.458984375 1.11632858732
-0.44921875 1.09011543589
-0.439453125 1.06591466445
-0.4296875 1.04365611821
-0.419921875 1.02327007896
-0.41015625 1.00468726503
-0.400390625 0.987838831294
-0.390625 0.972656369209
-0.380859375 0.959071906778
-0.37109375 0.947017908562
-0.361328125 0.936427275679
-0.3515625 0.927233345807
-0.341796875 0.919369893178
-0.33203125 0.912771128584
-0.322265625 0.907371699373
-0.3125 0.903106689453
-0.302734375 0.899911619286
-0.29296875 0.897722445894
-0.283203125 0.896475562855
-0.2734375 0.896107800305
-0.263671875 0.896556424937
-0.25390625 0.897759140003
-0.244140625 0.899654085311
-0.234375 0.902179837227
-0.224609375 0.905275408673
-0.21484375 0.908880249131
-0.205078125 0.912934244639
-0.1953125 0.917377717793
-0.185546875 0.922151427745
-0.17578125 0.927196570206
-0.166015625 0.932454777445
-0.15625 0.937868118286
-0.146484375 0.943379098113
-0.13671875 0.948930658866
-0.126953125 0.954466179042
-0.1171875 0.959929473698
-0.107421875 0.965264794446
-0.09765625 0.970416829456
-0.087890625 0.975330703455
-0.078125 0.97995197773
-0.068359375 0.984226650122
-0.05859375 0.988101155031
-0.048828125 0.991522363416
-0.0390625 0.994437582791
-0.029296875 0.996794557228
-0.01953125 0.998541467357
-0.009765625 0.999626930367
0.0 1.0
0.009765625 0.99961016656
0.01953125 0.998407356907
0.029296875 0.996341934457
0.0390625 0.993364699185
0.048828125 0.989426887623
0.05859375 0.984480172861
0.068359375 0.978476664546
0.078125 0.971368908882
0.087890625 0.963109888631
0.09765625 0.953653023113
0.107421875 0.942952168203
0.1171875 0.930961616337
0.126953125 0.917636096507
0.13671875 0.90293077426
0.146484375 0.886801251705
0.15625 0.869203567505
0.166015625 0.850094196881
0.17578125 0.829430051614
0.185546875 0.807168480038
0.1953125 0.783267267048
0.205078125 0.757684634096
0.21484375 0.73037923919
0.224609375 0.701310176897
0.234375 0.67043697834
0.244140625 0.637719611201
0.25390625 0.603118479718
0.263671875 0.566594424687
0.2734375 0.528108723462
0.283203125 0.487623089954
0.29296875 0.445099674631
0.302734375 0.40050106452
0.3125 0.353790283203
0.322265625 0.304930790822
0.33203125 0.253886484075
0.341796875 0.200621696218
0.3515625 0.145101197064
0.361328125 0.0872901929833
0.37109375 0.0271543269046
0.380859375 -0.0353403216868
0.390625 -0.100227236748
0.400390625 -0.167539465678
0.41015625 -0.237309619319
0.419921875 -0.309569871955
0.4296875 -0.384351961315
0.439453125 -0.461687188566
0.44921875 -0.541606418323
0.458984375 -0.624140078638
0.46875 -0.709318161011
0.478515625 -0.797170220379
0.48828125 -0.887725375127
0.498046875 -0.981012307078
0.5078125 -1.0770592615
0.517578125 -1.1758940471
0.52734375 -1.27754403604
0.537109375 -1.38203616391
0.546875 -1.48939692974
0.556640625 -1.59965239602
0.56640625 -1.71282818867
0.576171875 -1.82894949705
0.5859375 -1.94804107398
0.595703125 -2.0701272357
0.60546875 -2.1952318619
0.615234375 -2.32337839573
0.625 -2.45458984375
0.634765625 -2.58888877599
0.64453125 -2.72629732592
0.654296875 -2.86683719044
0.6640625 -3.01052962989
0.673828125 -3.15739546806
0.68359375 -3.3074550922
0.693359375 -3.46072845298
0.703125 -3.61723506451
0.712890625 -3.77699400435
0.72265625 -3.94002391351
0.732421875 -4.10634299644
0.7421875 -4.27596902102
0.751953125 -4.44891931859
0.76171875 -4.62521078391
0.771484375 -4.80485987521
0.78125 -4.98788261414
0.791015625 -5.1742945858
0.80078125 -5.36411093874
0.810546875 -5.55734638494
0.8203125 -5.75401519984
0.830078125 -5.9541312223
0.83984375 -6.15770785464
0.849609375 -6.36475806261
0.859375 -6.57529437542
0.869140625 -6.7893288857
0.87890625 -7.00687324954
0.888671875 -7.22793868647
0.8984375 -7.45253597945
0.908203125 -7.6806754749
0.91796875 -7.91236708267
0.927734375 -8.14762027605
0.9375 -8.3864440918
0.947265625 -8.62884713008
0.95703125 -8.87483755453
0.966796875 -9.1244230922
0.9765625 -9.37761103362
0.986328125 -9.63440823273
0.99609375 -9.89482110692
1.005859375 -10.158855637
1.015625 -10.4265173674
1.025390625 -10.6978114056
1.03515625 -10.9727424229
1.044921875 -11.251314654
1.0546875 -11.5335318968
1.064453125 -11.8193975128
1.07421875 -12.108914427
1.083984375 -12.4020851277
1.09375 -12.6989116669
1.103515625 -12.9993956596
1.11328125 -13.3035382847
1.123046875 -13.6113402843
1.1328125 -13.922801964
1.142578125 -14.2379231928
1.15234375 -14.5567034031
1.162109375 -14.879141591
1.171875 -15.2052363157
1.181640625 -15.5349857001
1.19140625 -15.8683874304
1.201171875 -16.2054387564
1.2109375 -16.546136491
1.220703125 -16.890477011
1.23046875 -17.2384562562
1.240234375 -17.5900697303
1.25 -17.9453125
1.259765625 -18.3041791958
1.26953125 -18.6666640113
1.279296875 -19.0327607039
1.2890625 -19.4024625942
1.298828125 -19.7757625663
1.30859375 -20.1526530678
1.318359375 -20.5331261097
1.328125 -20.9171732664
1.337890625 -21.3047856758
1.34765625 -21.6959540392
1.357421875 -22.0906686214
1.3671875 -22.4889192507
1.376953125 -22.8906953186
1.38671875 -23.2959857802
1.396484375 -23.7047791541
1.40625 -24.1170635223
1.416015625 -24.5328265303
1.42578125 -24.9520553867
1.435546875 -25.3747368641
1.4453125 -25.8008572981
1.455078125 -26.2304025879
1.46484375 -26.6633581962
1.474609375 -27.099709149
1.484375 -27.5394400358
1.494140625 -27.9825350097
1.50390625 -28.428977787
1.513671875 -28.8787516476
1.5234375 -29.3318394348
1.533203125 -29.7882235553
1.54296875 -30.2478859792
1.552734375 -30.7108082403
1.5625 -31.1769714355
1.572265625 -31.6463562255
1.58203125 -32.118942834
1.591796875 -32.5947110485
1.6015625 -33.0736402199
1.611328125 -33.5557092623
1.62109375 -34.0408966537
1.630859375 -34.529180435
1.640625 -35.0205382109
1.650390625 -35.5149471494
1.66015625 -36.0123839821
1.669921875 -36.5128250038
1.6796875 -37.0162460729
1.689453125 -37.5226226113
1.69921875 -38.0319296042
1.708984375 -38.5441416003
1.71875 -39.0592327118
1.728515625 -39.5771766142
1.73828125 -40.0979465465
1.748046875 -40.6215153113
1.7578125 -41.1478552744
1.767578125 -41.6769383652
1.77734375 -42.2087360765
1.787109375 -42.7432194645
1.796875 -43.280359149
1.806640625 -43.820125313
1.81640625 -44.3624877031
1.826171875 -44.9074156293
1.8359375 -45.4548779652
1.845703125 -46.0048431474
1.85546875 -46.5572791765
1.865234375 -47.1121536162
1.875 -47.6694335938
1.884765625 -48.2290857997
1.89453125 -48.7910764883
1.904296875 -49.3553714771
1.9140625 -49.9219361469
1.923828125 -50.4907354423
1.93359375 -51.0617338712
1.943359375 -51.6348955049
1.953125 -52.2101839781
1.962890625 -52.787562489
1.97265625 -53.3669937993
1.982421875 -53.9484402341
1.9921875 -54.531863682
2.001953125 -55.1172255948
2.01171875 -55.704486988
2.021484375 -56.2936084405
2.03125 -56.8845500946
2.041015625 -57.477271656
2.05078125 -58.0717323939
2.060546875 -58.667891141
2.0703125 -59.2657062933
2.080078125 -59.8651358103
2.08984375 -60.466137215
2.099609375 -61.0686675938
2.109375 -61.6726835966
2.119140625 -62.2781414366
2.12890625 -62.8849968906
2.138671875 -63.4932052986
2.1484375 -64.1027215645
2.158203125 -64.7135001551
2.16796875 -65.325495101
2.177734375 -65.9386599962
2.1875 -66.552947998
2.197265625 -67.1683118273
2.20703125 -67.7847037683
2.216796875 -68.4020756688
2.2265625 -69.0203789398
2.236328125 -69.639564556
2.24609375 -70.2595830555
2.255859375 -70.8803845397
2.265625 -71.5019186735
2.275390625 -72.1241346853
2.28515625 -72.746981367
2.294921875 -73.3704070737
2.3046875 -73.9943597242
2.314453125 -74.6187868006
2.32421875 -75.2436353485
2.333984375 -75.8688519769
2.34375 -76.4943828583
2.353515625 -77.1201737285
2.36328125 -77.746169887
2.373046875 -78.3723161965
2.3828125 -78.9985570833
2.392578125 -79.624836537
2.40234375 -80.2510981108
2.412109375 -80.8772849212
2.421875 -81.5033396482
2.431640625 -82.1292045354
2.44140625 -82.7548213894
2.451171875 -83.3801315808
2.4609375 -84.0050760433
2.470703125 -84.6295952741
2.48046875 -85.2536293338
2.490234375 -85.8771178466
2.5 -86.5
2.509765625 -87.122214545
2.51953125 -87.743699796
2.529296875 -88.364393631
2.5390625 -88.9842334911
2.548828125 -89.6031563813
2.55859375 -90.2210988696
2.568359375 -90.8379970877
2.578125 -91.4537867308
2.587890625 -92.0684030573
2.59765625 -92.6817808892
2.607421875 -93.2938546119
2.6171875 -93.9045581743
2.626953125 -94.5138250887
2.63671875 -95.1215884308
2.646484375 -95.7277808399
2.65625 -96.3323345184
2.666015625 -96.9351812326
2.67578125 -97.5362523119
2.685546875 -98.1354786493
2.6953125 -98.7327907011
2.705078125 -99.3281184872
2.71484375 -99.921391591
2.724609375 -100.512539159
2.734375 -101.101489902
2.744140625 -101.688172092
2.75390625 -102.272513568
2.763671875 -102.854441729
2.7734375 -103.43388354
2.783203125 -104.010765528
2.79296875 -104.585013784
2.802734375 -105.156553962
2.8125 -105.725311279
2.822265625 -106.291210518
2.83203125 -106.854176022
2.841796875 -107.414131699
2.8515625 -107.971001022
2.861328125 -108.524707024
2.87109375 -109.075172305
2.880859375 -109.622319025
2.890625 -110.166068912
2.900390625 -110.706343252
2.91015625 -111.243062898
2.919921875 -111.776148266
2.9296875 -112.305519335
2.939453125 -112.831095647
2.94921875 -113.352796308
2.958984375 -113.870539988
2.96875 -114.384244919
2.978515625 -114.893828897
2.98828125 -115.399209283
2.998046875 -115.900302999
3.0078125 -116.397026531
3.017578125 -116.889295931
3.02734375 -117.377026811
3.037109375 -117.860134348
3.046875 -118.338533282
3.056640625 -118.812137918
3.06640625 -119.280862122
3.076171875 -119.744619326
3.0859375 -120.203322522
3.095703125 -120.65688427
3.10546875 -121.105216689
3.115234375 -121.548231464
3.125 -121.985839844
3.134765625 -122.417952639
3.14453125 -122.844480223
3.154296875 -123.265332537
3.1640625 -123.68041908
3.173828125 -124.089648918
3.18359375 -124.49293068
3.193359375 -124.890172557
3.203125 -125.281282306
3.212890625 -125.666167244
3.22265625 -126.044734254
3.232421875 -126.416889782
3.2421875 -126.782539837
3.251953125 -127.141589992
3.26171875 -127.493945382
3.271484375 -127.839510708
3.28125 -128.178190231
3.291015625 -128.50988778
3.30078125 -128.834506742
3.310546875 -129.151950072
3.3203125 -129.462120287
3.330078125 -129.764919466
3.33984375 -130.060249254
3.349609375 -130.348010856
3.359375 -130.628105044
3.369140625 -130.900432152
3.37890625 -131.164892077
3.388671875 -131.42138428
3.3984375 -131.669807784
3.408203125 -131.910061179
3.41796875 -132.142042614
3.427734375 -132.365649805
3.4375 -132.580780029
3.447265625 -132.787330129
3.45703125 -132.985196508
3.466796875 -133.174275136
3.4765625 -133.354461543
3.486328125 -133.525650826
3.49609375 -133.687737643
3.505859375 -133.840616216
3.515625 -133.984180331
3.525390625 -134.118323337
3.53515625 -134.242938146
3.544921875 -134.357917233
3.5546875 -134.46315264
3.564453125 -134.558535967
3.57421875 -134.643958382
3.583984375 -134.719310614
3.59375 -134.784482956
3.603515625 -134.839365265
3.61328125 -134.88384696
3.623046875 -134.917817026
3.6328125 -134.941164009
3.642578125 -134.95377602
3.65234375 -134.955540731
3.662109375 -134.946345381
3.671875 -134.92607677
3.681640625 -134.894621262
3.69140625 -134.851864784
3.701171875 -134.797692829
3.7109375 -134.731990449
3.720703125 -134.654642263
3.73046875 -134.565532453
3.740234375 -134.464544762
3.75 -134.3515625
3.759765625 -134.226468537
3.76953125 -134.08914531
3.779296875 -133.939474815
3.7890625 -133.777338617
3.798828125 -133.602617838
3.80859375 -133.41519317
3.818359375 -133.214944863
3.828125 -133.001752734
3.837890625 -132.775496162
3.84765625 -132.536054089
3.857421875 -132.283305022
3.8671875 -132.01712703
3.876953125 -131.737397745
3.88671875 -131.443994365
3.896484375 -131.136793649
3.90625 -130.815671921
3.916015625 -130.480505066
3.92578125 -130.131168536
3.935546875 -129.767537344
3.9453125 -129.389486067
3.955078125 -128.996888845
3.96484375 -128.589619383
3.974609375 -128.167550947
3.984375 -127.730556369
3.994140625 -127.278508042
4.00390625 -126.811277926
4.013671875 -126.328737539
4.0234375 -125.830757968
4.033203125 -125.31720986
4.04296875 -124.787963427
4.052734375 -124.242888444
4.0625 -123.681854248
4.072265625 -123.104729742
4.08203125 -122.511383391
4.091796875 -121.901683224
4.1015625 -121.275496833
4.111328125 -120.632691373
4.12109375 -119.973133564
4.130859375 -119.296689687
4.140625 -118.603225589
4.150390625 -117.892606679
4.16015625 -117.16469793
4.169921875 -116.419363878
4.1796875 -115.656468622
4.189453125 -114.875875827
4.19921875 -114.077448718
4.208984375 -113.261050085
4.21875 -112.426542282
4.228515625 -111.573787226
4.23828125 -110.702646397
4.248046875 -109.812980838
4.2578125 -108.904651158
4.267578125 -107.977517526
4.27734375 -107.031439676
4.287109375 -106.066276907
4.296875 -105.08188808
4.306640625 -104.078131617
4.31640625 -103.054865509
4.326171875 -102.011947305
4.3359375 -100.949234121
4.345703125 -99.8665826339
4.35546875 -98.7638490866
4.365234375 -97.6408892837
4.375 -96.4975585938
4.384765625 -95.3337119487
4.39453125 -94.1492038439
4.404296875 -92.9438883383
4.4140625 -91.717619054
4.423828125 -90.4702491769
4.43359375 -89.2016314561
4.443359375 -87.9116182043
4.453125 -86.6000612974
4.462890625 -85.266812175
4.47265625 -83.91172184
4.482421875 -82.5346408589
4.4921875 -81.1354193613
4.501953125 -79.7139070406
4.51171875 -78.2699531536
4.521484375 -76.8034065203
4.53125 -75.3141155243
4.541015625 -73.8019281127
4.55078125 -72.266691796
4.560546875 -70.7082536481
4.5703125 -69.1264603063
4.580078125 -67.5211579716
4.58984375 -65.892192408
4.599609375 -64.2394089433
4.609375 -62.5626524687
4.619140625 -60.8617674387
4.62890625 -59.1365978713
4.638671875 -57.3869873481
4.6484375 -55.6127790138
4.658203125 -53.8138155769
4.66796875 -51.9899393092
4.677734375 -50.1409920458
4.6875 -48.2668151855
4.697265625 -46.3672496904
4.70703125 -44.4421360861
4.716796875 -42.4913144614
4.7265625 -40.514624469
4.736328125 -38.5119053246
4.74609375 -36.4829958077
4.755859375 -34.4277342609
4.765625 -32.3459585905
4.775390625 -30.2375062662
4.78515625 -28.102214321
4.794921875 -25.9399193516
4.8046875 -23.7504575178
4.814453125 -21.5336645432
4.82421875 -19.2893757145
4.833984375 -17.0174258821
4.84375 -14.7176494598
4.853515625 -12.3898804248
4.86328125 -10.0339523177
4.873046875 -7.64969824252
4.8828125 -5.23695086688
4.892578125 -2.79554242172
4.90234375 -0.325304701459
4.912109375 2.17393093606
4.921875 4.70233356953
4.931640625 7.26007271421
4.94140625 9.84731832193
4.951171875 12.4642407811
4.9609375 15.1110109165
4.970703125 17.7877999898
4.98046875 20.494779699
4.990234375 23.2321221787
5.0 26.0
2*x**4+-9*x**3+-4*x**2+0*x**1+1*x**0+