2 1 1024
y1 y2 x
-5 -5 1.82247072148 
-5 -4.6875 -0.15989002919 
-5 -4.375 -2.12676317546 
-5 -4.0625 -3.88762931252 
-5 -3.75 -5.27192371992 
-5 -3.4375 -6.14555796034 
-5 -3.125 -6.42390823594 
-5 -2.8125 -6.08001239671 
-5 -2.5 -5.14718160494 
-5 -2.1875 -3.71577367939 
-5 -1.875 -1.92444066607 
-5 -1.5625 0.0533015678787 
-5 -1.25 2.02588079322 
-5 -0.9375 3.80222489091 
-5 -0.625 5.21026988171 
-5 -0.3125 6.11362674931 
-5 0 6.42479264024 
-5 0.3125 6.11362674931 
-5 0.625 5.21026988171 
-5 0.9375 3.80222489091 
-5 1.25 2.02588079322 
-5 1.5625 0.0533015678787 
-5 1.875 -1.92444066607 
-5 2.1875 -3.71577367939 
-5 2.5 -5.14718160494 
-5 2.8125 -6.08001239671 
-5 3.125 -6.42390823594 
-5 3.4375 -6.14555796034 
-5 3.75 -5.27192371992 
-5 4.0625 -3.88762931252 
-5 4.375 -2.12676317546 
-5 4.6875 -0.15989002919 
-4.6875 -5 1.8999480185 
-4.6875 -4.6875 -0.166687311109 
-4.6875 -4.375 -2.21717662369 
-4.6875 -4.0625 -4.05290110943 
-4.6875 -3.75 -5.49604496099 
-4.6875 -3.4375 -6.40681934239 
-4.6875 -3.125 -6.69700290931 
-4.6875 -2.8125 -6.33848729059 
-4.6875 -2.5 -5.36599978036 
-4.6875 -2.1875 -3.87373950985 
-4.6875 -1.875 -2.00625293297 
-4.6875 -1.5625 0.055567536466 
-4.6875 -1.25 2.11200550628 
-4.6875 -0.9375 3.96386595528 
-4.6875 -0.625 5.43177008054 
-4.6875 -0.3125 6.37353066433 
-4.6875 0 6.69792491162 
-4.6875 0.3125 6.37353066433 
-4.6875 0.625 5.43177008054 
-4.6875 0.9375 3.96386595528 
-4.6875 1.25 2.11200550628 
-4.6875 1.5625 0.055567536466 
-4.6875 1.875 -2.00625293297 
-4.6875 2.1875 -3.87373950985 
-4.6875 2.5 -5.36599978036 
-4.6875 2.8125 -6.33848729059 
-4.6875 3.125 -6.69700290931 
-4.6875 3.4375 -6.40681934239 
-4.6875 3.75 -5.49604496099 
-4.6875 4.0625 -4.05290110943 
-4.6875 4.375 -2.21717662369 
-4.6875 4.6875 -0.166687311109 
-4.375 -5 1.79338855324 
-4.375 -4.6875 -0.157338576004 
-4.375 -4.375 -2.09282524508 
-4.375 -4.0625 -3.82559227216 
-4.375 -3.75 -5.1877967319 
-4.375 -3.4375 -6.04748990996 
-4.375 -3.125 -6.32139839704 
-4.375 -2.8125 -5.98299029296 
-4.375 -2.5 -5.0650451955 
-4.375 -2.1875 -3.65647903394 
-4.375 -1.875 -1.89373130731 
-4.375 -1.5625 0.0524510054274 
-4.375 -1.25 1.99355269853 
-4.375 -0.9375 3.7415506959 
-4.375 -0.625 5.12712673791 
-4.375 -0.3125 6.01606824285 
-4.375 0 6.32226868842 
-4.375 0.3125 6.01606824285 
-4.375 0.625 5.12712673791 
-4.375 0.9375 3.7415506959 
-4.375 1.25 1.99355269853 
-4.375 1.5625 0.0524510054274 
-4.375 1.875 -1.89373130731 
-4.375 2.1875 -3.65647903394 
-4.375 2.5 -5.0650451955 
-4.375 2.8125 -5.98299029296 
-4.375 3.125 -6.32139839704 
-4.375 3.4375 -6.04748990996 
-4.375 3.75 -5.1877967319 
-4.375 4.0625 -3.82559227216 
-4.375 4.375 -2.09282524508 
-4.375 4.6875 -0.157338576004 
-4.0625 -5 1.51311411282 
-4.0625 -4.6875 -0.132749380726 
-4.0625 -4.375 -1.76575422447 
-4.0625 -4.0625 -3.22772086754 
-4.0625 -3.75 -4.37703722113 
-4.0625 -3.4375 -5.10237578655 
-4.0625 -3.125 -5.33347729361 
-4.0625 -2.8125 -5.04795630195 
-4.0625 -2.5 -4.27346954654 
-4.0625 -2.1875 -3.08503699296 
-4.0625 -1.875 -1.59777509554 
-4.0625 -1.5625 0.0442538547492 
-4.0625 -1.25 1.68199619505 
-4.0625 -0.9375 3.15681348115 
-4.0625 -0.625 4.32584885821 
-4.0625 -0.3125 5.075864762 
-4.0625 0 5.33421157407 
-4.0625 0.3125 5.075864762 
-4.0625 0.625 4.32584885821 
-4.0625 0.9375 3.15681348115 
-4.0625 1.25 1.68199619505 
-4.0625 1.5625 0.0442538547492 
-4.0625 1.875 -1.59777509554 
-4.0625 2.1875 -3.08503699296 
-4.0625 2.5 -4.27346954654 
-4.0625 2.8125 -5.04795630195 
-4.0625 3.125 -5.33347729361 
-4.0625 3.4375 -5.10237578655 
-4.0625 3.75 -4.37703722113 
-4.0625 4.0625 -3.22772086754 
-4.0625 4.375 -1.76575422447 
-4.0625 4.6875 -0.132749380726 
-3.75 -5 1.08627322976 
-3.75 -4.6875 -0.0953015356398 
-3.75 -4.375 -1.26764500319 
-3.75 -4.0625 -2.31719917345 
-3.75 -3.75 -3.1422999222 
-3.75 -3.4375 -3.66302460479 
-3.75 -3.125 -3.82893369146 
-3.75 -2.8125 -3.6239565472 
-3.75 -2.5 -3.06794809941 
-3.75 -2.1875 -2.21476560815 
-3.75 -1.875 -1.1470518309 
-3.75 -1.5625 0.0317700940864 
-3.75 -1.25 1.20751463737 
-3.75 -0.9375 2.26629435736 
-3.75 -0.625 3.10555150524 
-3.75 -0.3125 3.64399218944 
-3.75 0 3.82946083557 
-3.75 0.3125 3.64399218944 
-3.75 0.625 3.10555150524 
-3.75 0.9375 2.26629435736 
-3.75 1.25 1.20751463737 
-3.75 1.5625 0.0317700940864 
-3.75 1.875 -1.1470518309 
-3.75 2.1875 -2.21476560815 
-3.75 2.5 -3.06794809941 
-3.75 2.8125 -3.6239565472 
-3.75 3.125 -3.82893369146 
-3.75 3.4375 -3.66302460479 
-3.75 3.75 -3.1422999222 
-3.75 4.0625 -2.31719917345 
-3.75 4.375 -1.26764500319 
-3.75 4.6875 -0.0953015356398 
-3.4375 -5 0.554211463709 
-3.4375 -4.6875 -0.0486223927033 
-3.4375 -4.375 -0.646746484617 
-3.4375 -4.0625 -1.18222405784 
-3.4375 -3.75 -1.6031865571 
-3.4375 -3.4375 -1.8688578271 
-3.4375 -3.125 -1.95350385837 
-3.4375 -2.8125 -1.84892548892 
-3.4375 -2.5 -1.5652526088 
-3.4375 -2.1875 -1.12996293734 
-3.4375 -1.875 -0.58522041852 
-3.4375 -1.5625 0.016208951729 
-3.4375 -1.25 0.616068256394 
-3.4375 -0.9375 1.15625266146 
-3.4375 -0.625 1.58443768859 
-3.4375 -0.3125 1.85914757882 
-3.4375 0 1.9537728048 
-3.4375 0.3125 1.85914757882 
-3.4375 0.625 1.58443768859 
-3.4375 0.9375 1.15625266146 
-3.4375 1.25 0.616068256394 
-3.4375 1.5625 0.016208951729 
-3.4375 1.875 -0.58522041852 
-3.4375 2.1875 -1.12996293734 
-3.4375 2.5 -1.5652526088 
-3.4375 2.8125 -1.84892548892 
-3.4375 3.125 -1.95350385837 
-3.4375 3.4375 -1.8688578271 
-3.4375 3.75 -1.6031865571 
-3.4375 4.0625 -1.18222405784 
-3.4375 4.375 -0.646746484617 
-3.4375 4.6875 -0.0486223927033 
-3.125 -5 -0.031533499152 
-3.125 -4.6875 0.00276651473215 
-3.125 -4.375 0.0367985526458 
-3.125 -4.0625 0.0672661317325 
-3.125 -3.75 0.0912180372459 
-3.125 -3.4375 0.106334189322 
-3.125 -3.125 0.111150375434 
-3.125 -2.8125 0.105200080032 
-3.125 -2.5 0.0890596731469 
-3.125 -2.1875 0.0642925808284 
-3.125 -1.875 0.0332978452803 
-3.125 -1.5625 -0.000922256212786 
-3.125 -1.25 -0.0350530241843 
-3.125 -0.9375 -0.065788412379 
-3.125 -0.625 -0.0901512649614 
-3.125 -0.3125 -0.105781696048 
-3.125 0 -0.111165677937 
-3.125 0.3125 -0.105781696048 
-3.125 0.625 -0.0901512649614 
-3.125 0.9375 -0.065788412379 
-3.125 1.25 -0.0350530241843 
-3.125 1.5625 -0.000922256212786 
-3.125 1.875 0.0332978452803 
-3.125 2.1875 0.0642925808284 
-3.125 2.5 0.0890596731469 
-3.125 2.8125 0.105200080032 
-3.125 3.125 0.111150375434 
-3.125 3.4375 0.106334189322 
-3.125 3.75 0.0912180372459 
-3.125 4.0625 0.0672661317325 
-3.125 4.375 0.0367985526458 
-3.125 4.6875 0.00276651473215 
-2.8125 -5 -0.614223997875 
-2.8125 -4.6875 0.0538874461971 
-2.8125 -4.375 0.716779131081 
-2.8125 -4.0625 1.31024064774 
-2.8125 -3.75 1.77678687815 
-2.8125 -3.4375 2.07122623978 
-2.8125 -3.125 2.16503812772 
-2.8125 -2.8125 2.0491355375 
-2.8125 -2.5 1.73474526966 
-2.8125 -2.1875 1.25232045577 
-2.8125 -1.875 0.648590743136 
-2.8125 -1.5625 -0.017964130633 
-2.8125 -1.25 -0.682778924986 
-2.8125 -0.9375 -1.28145695061 
-2.8125 -0.625 -1.75600779701 
-2.8125 -0.3125 -2.06046452172 
-2.8125 0 -2.1653361969 
-2.8125 0.3125 -2.06046452172 
-2.8125 0.625 -1.75600779701 
-2.8125 0.9375 -1.28145695061 
-2.8125 1.25 -0.682778924986 
-2.8125 1.5625 -0.017964130633 
-2.8125 1.875 0.648590743136 
-2.8125 2.1875 1.25232045577 
-2.8125 2.5 1.73474526966 
-2.8125 2.8125 2.0491355375 
-2.8125 3.125 2.16503812772 
-2.8125 3.4375 2.07122623978 
-2.8125 3.75 1.77678687815 
-2.8125 4.0625 1.31024064774 
-2.8125 4.375 0.716779131081 
-2.8125 4.6875 0.0538874461971 
-2.5 -5 -1.13741823945 
-2.5 -4.6875 0.0997886184745 
-2.5 -4.375 1.32732954129 
-2.5 -4.0625 2.4262998775 
-2.5 -3.75 3.29024885028 
-2.5 -3.4375 3.83549081655 
-2.5 -3.125 4.00921140185 
-2.5 -2.8125 3.79458331735 
-2.5 -2.5 3.21239632012 
-2.5 -2.1875 2.31904343197 
-2.5 -1.875 1.20105847986 
-2.5 -1.5625 -0.033265925637 
-2.5 -1.25 -1.26436805705 
-2.5 -0.9375 -2.37299830962 
-2.5 -0.625 -3.25177020736 
-2.5 -0.3125 -3.81556229786 
-2.5 0 -4.0097633655 
-2.5 0.3125 -3.81556229786 
-2.5 0.625 -3.25177020736 
-2.5 0.9375 -2.37299830962 
-2.5 1.25 -1.26436805705 
-2.5 1.5625 -0.033265925637 
-2.5 1.875 1.20105847986 
-2.5 2.1875 2.31904343197 
-2.5 2.5 3.21239632012 
-2.5 2.8125 3.79458331735 
-2.5 3.125 4.00921140185 
-2.5 3.4375 3.83549081655 
-2.5 3.75 3.29024885028 
-2.5 4.0625 2.4262998775 
-2.5 4.375 1.32732954129 
-2.5 4.6875 0.0997886184745 
-2.1875 -5 -1.55043748249 
-2.1875 -4.6875 0.136023855644 
-2.1875 -4.375 1.80930936489 
-2.1875 -4.0625 3.30733774383 
-2.1875 -3.75 4.4850038159 
-2.1875 -3.4375 5.22823401234 
-2.1875 -3.125 5.46503600618 
-2.1875 -2.8125 5.17247218447 
-2.1875 -2.5 4.37888147965 
-2.1875 -2.1875 3.16113434421 
-2.1875 -1.875 1.63718676319 
-2.1875 -1.5625 -0.0453454465637 
-2.1875 -1.25 -1.72348531027 
-2.1875 -0.9375 -3.23468131381 
-2.1875 -0.625 -4.43255281047 
-2.1875 -0.3125 -5.20106905114 
-2.1875 0 -5.46578839883 
-2.1875 0.3125 -5.20106905114 
-2.1875 0.625 -4.43255281047 
-2.1875 0.9375 -3.23468131381 
-2.1875 1.25 -1.72348531027 
-2.1875 1.5625 -0.0453454465637 
-2.1875 1.875 1.63718676319 
-2.1875 2.1875 3.16113434421 
-2.1875 2.5 4.37888147965 
-2.1875 2.8125 5.17247218447 
-2.1875 3.125 5.46503600618 
-2.1875 3.4375 5.22823401234 
-2.1875 3.75 4.4850038159 
-2.1875 4.0625 3.30733774383 
-2.1875 4.375 1.80930936489 
-2.1875 4.6875 0.136023855644 
-1.875 -5 -1.81327498814 
-1.875 -4.6875 0.159083263926 
-1.875 -4.375 2.11603205818 
-1.875 -4.0625 3.86801330329 
-1.875 -3.75 5.24532290589 
-1.875 -3.4375 6.11454900552 
-1.875 -3.125 6.39149479496 
-1.875 -2.8125 6.04933416848 
-1.875 -2.5 5.12121020856 
-1.875 -2.1875 3.69702481088 
-1.875 -1.875 1.91473041779 
-1.875 -1.5625 -0.0530326214429 
-1.875 -1.25 -2.01565870332 
-1.875 -0.9375 -3.78303981112 
-1.875 -0.625 -5.18398015759 
-1.875 -0.3125 -6.08277891144 
-1.875 0 -6.39237473678 
-1.875 0.3125 -6.08277891144 
-1.875 0.625 -5.18398015759 
-1.875 0.9375 -3.78303981112 
-1.875 1.25 -2.01565870332 
-1.875 1.5625 -0.0530326214429 
-1.875 1.875 1.91473041779 
-1.875 2.1875 3.69702481088 
-1.875 2.5 5.12121020856 
-1.875 2.8125 6.04933416848 
-1.875 3.125 6.39149479496 
-1.875 3.4375 6.11454900552 
-1.875 3.75 5.24532290589 
-1.875 4.0625 3.86801330329 
-1.875 4.375 2.11603205818 
-1.875 4.6875 0.159083263926 
-1.5625 -5 -1.90047123692 
-1.5625 -4.6875 0.166733214403 
-1.5625 -4.375 2.21778720233 
-1.5625 -4.0625 4.05401722025 
-1.5625 -3.75 5.49755849292 
-1.5625 -3.4375 6.40858368851 
-1.5625 -3.125 6.69884716783 
-1.5625 -2.8125 6.34023281905 
-1.5625 -2.5 5.36747749971 
-1.5625 -2.1875 3.87480628214 
-1.5625 -1.875 2.00680542625 
-1.5625 -1.5625 -0.0555828389683 
-1.5625 -1.25 -2.11258712229 
-1.5625 -0.9375 -3.9649575471 
-1.5625 -0.625 -5.43326591209 
-1.5625 -0.3125 -6.37528584323 
-1.5625 0 -6.69976942404 
-1.5625 0.3125 -6.37528584323 
-1.5625 0.625 -5.43326591209 
-1.5625 0.9375 -3.9649575471 
-1.5625 1.25 -2.11258712229 
-1.5625 1.5625 -0.0555828389683 
-1.5625 1.875 2.00680542625 
-1.5625 2.1875 3.87480628214 
-1.5625 2.5 5.36747749971 
-1.5625 2.8125 6.34023281905 
-1.5625 3.125 6.69884716783 
-1.5625 3.4375 6.40858368851 
-1.5625 3.75 5.49755849292 
-1.5625 4.0625 4.05401722025 
-1.5625 4.375 2.21778720233 
-1.5625 4.6875 0.166733214403 
-1.25 -5 -1.80358004235 
-1.25 -4.6875 0.158232701475 
-1.25 -4.375 2.10471837647 
-1.25 -4.0625 3.84733239195 
-1.25 -3.75 5.21727800287 
-1.25 -3.4375 6.08185665522 
-1.25 -3.125 6.3573217126 
-1.25 -2.8125 6.01699049906 
-1.25 -2.5 5.09382889263 
-1.25 -2.1875 3.67725811507 
-1.25 -1.875 1.90449302538 
-1.25 -1.5625 -0.0527490746047 
-1.25 -1.25 -2.00488168275 
-1.25 -0.9375 -3.76281322326 
-1.25 -0.625 -5.15626323274 
-1.25 -0.3125 -6.0502564247 
-1.25 0 -6.35819694968 
-1.25 0.3125 -6.0502564247 
-1.25 0.625 -5.15626323274 
-1.25 0.9375 -3.76281322326 
-1.25 1.25 -2.00488168275 
-1.25 1.5625 -0.0527490746047 
-1.25 1.875 1.90449302538 
-1.25 2.1875 3.67725811507 
-1.25 2.5 5.09382889263 
-1.25 2.8125 6.01699049906 
-1.25 3.125 6.3573217126 
-1.25 3.4375 6.08185665522 
-1.25 3.75 5.21727800287 
-1.25 4.0625 3.84733239195 
-1.25 4.375 2.10471837647 
-1.25 4.6875 0.158232701475 
-0.9375 -5 -1.53198668316 
-0.9375 -4.6875 0.134405119711 
-0.9375 -4.375 1.7877778911 
-0.9375 -4.0625 3.26797915909 
-0.9375 -3.75 4.43163055426 
-0.9375 -3.4375 5.16601602696 
-0.9375 -3.125 5.39999998645 
-0.9375 -2.8125 5.11091778618 
-0.9375 -2.5 4.32677111442 
-0.9375 -2.1875 3.12351563587 
-0.9375 -1.875 1.61770361422 
-0.9375 -1.5625 -0.0448058183977 
-0.9375 -1.25 -1.70297517557 
-0.9375 -0.9375 -3.19618736839 
-0.9375 -0.625 -4.37980373587 
-0.9375 -0.3125 -5.13917433919 
-0.9375 0 -5.40074342535 
-0.9375 0.3125 -5.13917433919 
-0.9375 0.625 -4.37980373587 
-0.9375 0.9375 -3.19618736839 
-0.9375 1.25 -1.70297517557 
-0.9375 1.5625 -0.0448058183977 
-0.9375 1.875 1.61770361422 
-0.9375 2.1875 3.12351563587 
-0.9375 2.5 4.32677111442 
-0.9375 2.8125 5.11091778618 
-0.9375 3.125 5.39999998645 
-0.9375 3.4375 5.16601602696 
-0.9375 3.75 4.43163055426 
-0.9375 4.0625 3.26797915909 
-0.9375 4.375 1.7877778911 
-0.9375 4.6875 0.134405119711 
-0.625 -5 -1.11199880671 
-0.625 -4.6875 0.0975585064654 
-0.625 -4.375 1.29766590233 
-0.625 -4.0625 2.37207605341 
-0.625 -3.75 3.21671718318 
-0.625 -3.4375 3.74977388549 
-0.625 -3.125 3.91961210054 
-0.625 -2.8125 3.70978060182 
-0.625 -2.5 3.14060452942 
-0.625 -2.1875 2.26721661357 
-0.625 -1.875 1.17421679209 
-0.625 -1.5625 -0.032522486742 
-0.625 -1.25 -1.23611150404 
-0.625 -0.9375 -2.31996568818 
-0.625 -0.625 -3.17909847484 
-0.625 -0.3125 -3.73029073652 
-0.625 0 -3.9201517287 
-0.625 0.3125 -3.73029073652 
-0.625 0.625 -3.17909847484 
-0.625 0.9375 -2.31996568818 
-0.625 1.25 -1.23611150404 
-0.625 1.5625 -0.032522486742 
-0.625 1.875 1.17421679209 
-0.625 2.1875 2.26721661357 
-0.625 2.5 3.14060452942 
-0.625 2.8125 3.70978060182 
-0.625 3.125 3.91961210054 
-0.625 3.4375 3.74977388549 
-0.625 3.75 3.21671718318 
-0.625 4.0625 2.37207605341 
-0.625 4.375 1.29766590233 
-0.625 4.6875 0.0975585064654 
-0.3125 -5 -0.584298162308 
-0.3125 -4.6875 0.0512619759133 
-0.3125 -4.375 0.681856668773 
-0.3125 -4.0625 1.24640392642 
-0.3125 -3.75 1.69021938463 
-0.3125 -3.4375 1.97031325676 
-0.3125 -3.125 2.05955450085 
-0.3125 -2.8125 1.94929884378 
-0.3125 -2.5 1.65022610097 
-0.3125 -2.1875 1.19130568564 
-0.3125 -1.875 0.616990512607 
-0.3125 -1.5625 -0.0170888935513 
-0.3125 -1.25 -0.649512999349 
-0.3125 -0.9375 -1.21902261049 
-0.3125 -0.625 -1.67045268883 
-0.3125 -0.3125 -1.96007586435 
-0.3125 0 -2.05983804769 
-0.3125 0.3125 -1.96007586435 
-0.3125 0.625 -1.67045268883 
-0.3125 0.9375 -1.21902261049 
-0.3125 1.25 -0.649512999349 
-0.3125 1.5625 -0.0170888935513 
-0.3125 1.875 0.616990512607 
-0.3125 2.1875 1.19130568564 
-0.3125 2.5 1.65022610097 
-0.3125 2.8125 1.94929884378 
-0.3125 3.125 2.05955450085 
-0.3125 3.4375 1.97031325676 
-0.3125 3.75 1.69021938463 
-0.3125 4.0625 1.24640392642 
-0.3125 4.375 0.681856668773 
-0.3125 4.6875 0.0512619759133 
0 -5 0 
0 -4.6875 -0 
0 -4.375 -0 
0 -4.0625 -0 
0 -3.75 -0 
0 -3.4375 -0 
0 -3.125 -0 
0 -2.8125 -0 
0 -2.5 -0 
0 -2.1875 -0 
0 -1.875 -0 
0 -1.5625 0 
0 -1.25 0 
0 -0.9375 0 
0 -0.625 0 
0 -0.3125 0 
0 0 0 
0 0.3125 0 
0 0.625 0 
0 0.9375 0 
0 1.25 0 
0 1.5625 0 
0 1.875 -0 
0 2.1875 -0 
0 2.5 -0 
0 2.8125 -0 
0 3.125 -0 
0 3.4375 -0 
0 3.75 -0 
0 4.0625 -0 
0 4.375 -0 
0 4.6875 -0 
0.3125 -5 0.584298162308 
0.3125 -4.6875 -0.0512619759133 
0.3125 -4.375 -0.681856668773 
0.3125 -4.0625 -1.24640392642 
0.3125 -3.75 -1.69021938463 
0.3125 -3.4375 -1.97031325676 
0.3125 -3.125 -2.05955450085 
0.3125 -2.8125 -1.94929884378 
0.3125 -2.5 -1.65022610097 
0.3125 -2.1875 -1.19130568564 
0.3125 -1.875 -0.616990512607 
0.3125 -1.5625 0.0170888935513 
0.3125 -1.25 0.649512999349 
0.3125 -0.9375 1.21902261049 
0.3125 -0.625 1.67045268883 
0.3125 -0.3125 1.96007586435 
0.3125 0 2.05983804769 
0.3125 0.3125 1.96007586435 
0.3125 0.625 1.67045268883 
0.3125 0.9375 1.21902261049 
0.3125 1.25 0.649512999349 
0.3125 1.5625 0.0170888935513 
0.3125 1.875 -0.616990512607 
0.3125 2.1875 -1.19130568564 
0.3125 2.5 -1.65022610097 
0.3125 2.8125 -1.94929884378 
0.3125 3.125 -2.05955450085 
0.3125 3.4375 -1.97031325676 
0.3125 3.75 -1.69021938463 
0.3125 4.0625 -1.24640392642 
0.3125 4.375 -0.681856668773 
0.3125 4.6875 -0.0512619759133 
0.625 -5 1.11199880671 
0.625 -4.6875 -0.0975585064654 
0.625 -4.375 -1.29766590233 
0.625 -4.0625 -2.37207605341 
0.625 -3.75 -3.21671718318 
0.625 -3.4375 -3.74977388549 
0.625 -3.125 -3.91961210054 
0.625 -2.8125 -3.70978060182 
0.625 -2.5 -3.14060452942 
0.625 -2.1875 -2.26721661357 
0.625 -1.875 -1.17421679209 
0.625 -1.5625 0.032522486742 
0.625 -1.25 1.23611150404 
0.625 -0.9375 2.31996568818 
0.625 -0.625 3.17909847484 
0.625 -0.3125 3.73029073652 
0.625 0 3.9201517287 
0.625 0.3125 3.73029073652 
0.625 0.625 3.17909847484 
0.625 0.9375 2.31996568818 
0.625 1.25 1.23611150404 
0.625 1.5625 0.032522486742 
0.625 1.875 -1.17421679209 
0.625 2.1875 -2.26721661357 
0.625 2.5 -3.14060452942 
0.625 2.8125 -3.70978060182 
0.625 3.125 -3.91961210054 
0.625 3.4375 -3.74977388549 
0.625 3.75 -3.21671718318 
0.625 4.0625 -2.37207605341 
0.625 4.375 -1.29766590233 
0.625 4.6875 -0.0975585064654 
0.9375 -5 1.53198668316 
0.9375 -4.6875 -0.134405119711 
0.9375 -4.375 -1.7877778911 
0.9375 -4.0625 -3.26797915909 
0.9375 -3.75 -4.43163055426 
0.9375 -3.4375 -5.16601602696 
0.9375 -3.125 -5.39999998645 
0.9375 -2.8125 -5.11091778618 
0.9375 -2.5 -4.32677111442 
0.9375 -2.1875 -3.12351563587 
0.9375 -1.875 -1.61770361422 
0.9375 -1.5625 0.0448058183977 
0.9375 -1.25 1.70297517557 
0.9375 -0.9375 3.19618736839 
0.9375 -0.625 4.37980373587 
0.9375 -0.3125 5.13917433919 
0.9375 0 5.40074342535 
0.9375 0.3125 5.13917433919 
0.9375 0.625 4.37980373587 
0.9375 0.9375 3.19618736839 
0.9375 1.25 1.70297517557 
0.9375 1.5625 0.0448058183977 
0.9375 1.875 -1.61770361422 
0.9375 2.1875 -3.12351563587 
0.9375 2.5 -4.32677111442 
0.9375 2.8125 -5.11091778618 
0.9375 3.125 -5.39999998645 
0.9375 3.4375 -5.16601602696 
0.9375 3.75 -4.43163055426 
0.9375 4.0625 -3.26797915909 
0.9375 4.375 -1.7877778911 
0.9375 4.6875 -0.134405119711 
1.25 -5 1.80358004235 
1.25 -4.6875 -0.158232701475 
1.25 -4.375 -2.10471837647 
1.25 -4.0625 -3.84733239195 
1.25 -3.75 -5.21727800287 
1.25 -3.4375 -6.08185665522 
1.25 -3.125 -6.3573217126 
1.25 -2.8125 -6.01699049906 
1.25 -2.5 -5.09382889263 
1.25 -2.1875 -3.67725811507 
1.25 -1.875 -1.90449302538 
1.25 -1.5625 0.0527490746047 
1.25 -1.25 2.00488168275 
1.25 -0.9375 3.76281322326 
1.25 -0.625 5.15626323274 
1.25 -0.3125 6.0502564247 
1.25 0 6.35819694968 
1.25 0.3125 6.0502564247 
1.25 0.625 5.15626323274 
1.25 0.9375 3.76281322326 
1.25 1.25 2.00488168275 
1.25 1.5625 0.0527490746047 
1.25 1.875 -1.90449302538 
1.25 2.1875 -3.67725811507 
1.25 2.5 -5.09382889263 
1.25 2.8125 -6.01699049906 
1.25 3.125 -6.3573217126 
1.25 3.4375 -6.08185665522 
1.25 3.75 -5.21727800287 
1.25 4.0625 -3.84733239195 
1.25 4.375 -2.10471837647 
1.25 4.6875 -0.158232701475 
1.5625 -5 1.90047123692 
1.5625 -4.6875 -0.166733214403 
1.5625 -4.375 -2.21778720233 
1.5625 -4.0625 -4.05401722025 
1.5625 -3.75 -5.49755849292 
1.5625 -3.4375 -6.40858368851 
1.5625 -3.125 -6.69884716783 
1.5625 -2.8125 -6.34023281905 
1.5625 -2.5 -5.36747749971 
1.5625 -2.1875 -3.87480628214 
1.5625 -1.875 -2.00680542625 
1.5625 -1.5625 0.0555828389683 
1.5625 -1.25 2.11258712229 
1.5625 -0.9375 3.9649575471 
1.5625 -0.625 5.43326591209 
1.5625 -0.3125 6.37528584323 
1.5625 0 6.69976942404 
1.5625 0.3125 6.37528584323 
1.5625 0.625 5.43326591209 
1.5625 0.9375 3.9649575471 
1.5625 1.25 2.11258712229 
1.5625 1.5625 0.0555828389683 
1.5625 1.875 -2.00680542625 
1.5625 2.1875 -3.87480628214 
1.5625 2.5 -5.36747749971 
1.5625 2.8125 -6.34023281905 
1.5625 3.125 -6.69884716783 
1.5625 3.4375 -6.40858368851 
1.5625 3.75 -5.49755849292 
1.5625 4.0625 -4.05401722025 
1.5625 4.375 -2.21778720233 
1.5625 4.6875 -0.166733214403 
1.875 -5 1.81327498814 
1.875 -4.6875 -0.159083263926 
1.875 -4.375 -2.11603205818 
1.875 -4.0625 -3.86801330329 
1.875 -3.75 -5.24532290589 
1.875 -3.4375 -6.11454900552 
1.875 -3.125 -6.39149479496 
1.875 -2.8125 -6.04933416848 
1.875 -2.5 -5.12121020856 
1.875 -2.1875 -3.69702481088 
1.875 -1.875 -1.91473041779 
1.875 -1.5625 0.0530326214429 
1.875 -1.25 2.01565870332 
1.875 -0.9375 3.78303981112 
1.875 -0.625 5.18398015759 
1.875 -0.3125 6.08277891144 
1.875 0 6.39237473678 
1.875 0.3125 6.08277891144 
1.875 0.625 5.18398015759 
1.875 0.9375 3.78303981112 
1.875 1.25 2.01565870332 
1.875 1.5625 0.0530326214429 
1.875 1.875 -1.91473041779 
1.875 2.1875 -3.69702481088 
1.875 2.5 -5.12121020856 
1.875 2.8125 -6.04933416848 
1.875 3.125 -6.39149479496 
1.875 3.4375 -6.11454900552 
1.875 3.75 -5.24532290589 
1.875 4.0625 -3.86801330329 
1.875 4.375 -2.11603205818 
1.875 4.6875 -0.159083263926 
2.1875 -5 1.55043748249 
2.1875 -4.6875 -0.136023855644 
2.1875 -4.375 -1.80930936489 
2.1875 -4.0625 -3.30733774383 
2.1875 -3.75 -4.4850038159 
2.1875 -3.4375 -5.22823401234 
2.1875 -3.125 -5.46503600618 
2.1875 -2.8125 -5.17247218447 
2.1875 -2.5 -4.37888147965 
2.1875 -2.1875 -3.16113434421 
2.1875 -1.875 -1.63718676319 
2.1875 -1.5625 0.0453454465637 
2.1875 -1.25 1.72348531027 
2.1875 -0.9375 3.23468131381 
2.1875 -0.625 4.43255281047 
2.1875 -0.3125 5.20106905114 
2.1875 0 5.46578839883 
2.1875 0.3125 5.20106905114 
2.1875 0.625 4.43255281047 
2.1875 0.9375 3.23468131381 
2.1875 1.25 1.72348531027 
2.1875 1.5625 0.0453454465637 
2.1875 1.875 -1.63718676319 
2.1875 2.1875 -3.16113434421 
2.1875 2.5 -4.37888147965 
2.1875 2.8125 -5.17247218447 
2.1875 3.125 -5.46503600618 
2.1875 3.4375 -5.22823401234 
2.1875 3.75 -4.4850038159 
2.1875 4.0625 -3.30733774383 
2.1875 4.375 -1.80930936489 
2.1875 4.6875 -0.136023855644 
2.5 -5 1.13741823945 
2.5 -4.6875 -0.0997886184745 
2.5 -4.375 -1.32732954129 
2.5 -4.0625 -2.4262998775 
2.5 -3.75 -3.29024885028 
2.5 -3.4375 -3.83549081655 
2.5 -3.125 -4.00921140185 
2.5 -2.8125 -3.79458331735 
2.5 -2.5 -3.21239632012 
2.5 -2.1875 -2.31904343197 
2.5 -1.875 -1.20105847986 
2.5 -1.5625 0.033265925637 
2.5 -1.25 1.26436805705 
2.5 -0.9375 2.37299830962 
2.5 -0.625 3.25177020736 
2.5 -0.3125 3.81556229786 
2.5 0 4.0097633655 
2.5 0.3125 3.81556229786 
2.5 0.625 3.25177020736 
2.5 0.9375 2.37299830962 
2.5 1.25 1.26436805705 
2.5 1.5625 0.033265925637 
2.5 1.875 -1.20105847986 
2.5 2.1875 -2.31904343197 
2.5 2.5 -3.21239632012 
2.5 2.8125 -3.79458331735 
2.5 3.125 -4.00921140185 
2.5 3.4375 -3.83549081655 
2.5 3.75 -3.29024885028 
2.5 4.0625 -2.4262998775 
2.5 4.375 -1.32732954129 
2.5 4.6875 -0.0997886184745 
2.8125 -5 0.614223997875 
2.8125 -4.6875 -0.0538874461971 
2.8125 -4.375 -0.716779131081 
2.8125 -4.0625 -1.31024064774 
2.8125 -3.75 -1.77678687815 
2.8125 -3.4375 -2.07122623978 
2.8125 -3.125 -2.16503812772 
2.8125 -2.8125 -2.0491355375 
2.8125 -2.5 -1.73474526966 
2.8125 -2.1875 -1.25232045577 
2.8125 -1.875 -0.648590743136 
2.8125 -1.5625 0.017964130633 
2.8125 -1.25 0.682778924986 
2.8125 -0.9375 1.28145695061 
2.8125 -0.625 1.75600779701 
2.8125 -0.3125 2.06046452172 
2.8125 0 2.1653361969 
2.8125 0.3125 2.06046452172 
2.8125 0.625 1.75600779701 
2.8125 0.9375 1.28145695061 
2.8125 1.25 0.682778924986 
2.8125 1.5625 0.017964130633 
2.8125 1.875 -0.648590743136 
2.8125 2.1875 -1.25232045577 
2.8125 2.5 -1.73474526966 
2.8125 2.8125 -2.0491355375 
2.8125 3.125 -2.16503812772 
2.8125 3.4375 -2.07122623978 
2.8125 3.75 -1.77678687815 
2.8125 4.0625 -1.31024064774 
2.8125 4.375 -0.716779131081 
2.8125 4.6875 -0.0538874461971 
3.125 -5 0.031533499152 
3.125 -4.6875 -0.00276651473215 
3.125 -4.375 -0.0367985526458 
3.125 -4.0625 -0.0672661317325 
3.125 -3.75 -0.0912180372459 
3.125 -3.4375 -0.106334189322 
3.125 -3.125 -0.111150375434 
3.125 -2.8125 -0.105200080032 
3.125 -2.5 -0.0890596731469 
3.125 -2.1875 -0.0642925808284 
3.125 -1.875 -0.0332978452803 
3.125 -1.5625 0.000922256212786 
3.125 -1.25 0.0350530241843 
3.125 -0.9375 0.065788412379 
3.125 -0.625 0.0901512649614 
3.125 -0.3125 0.105781696048 
3.125 0 0.111165677937 
3.125 0.3125 0.105781696048 
3.125 0.625 0.0901512649614 
3.125 0.9375 0.065788412379 
3.125 1.25 0.0350530241843 
3.125 1.5625 0.000922256212786 
3.125 1.875 -0.0332978452803 
3.125 2.1875 -0.0642925808284 
3.125 2.5 -0.0890596731469 
3.125 2.8125 -0.105200080032 
3.125 3.125 -0.111150375434 
3.125 3.4375 -0.106334189322 
3.125 3.75 -0.0912180372459 
3.125 4.0625 -0.0672661317325 
3.125 4.375 -0.0367985526458 
3.125 4.6875 -0.00276651473215 
3.4375 -5 -0.554211463709 
3.4375 -4.6875 0.0486223927033 
3.4375 -4.375 0.646746484617 
3.4375 -4.0625 1.18222405784 
3.4375 -3.75 1.6031865571 
3.4375 -3.4375 1.8688578271 
3.4375 -3.125 1.95350385837 
3.4375 -2.8125 1.84892548892 
3.4375 -2.5 1.5652526088 
3.4375 -2.1875 1.12996293734 
3.4375 -1.875 0.58522041852 
3.4375 -1.5625 -0.016208951729 
3.4375 -1.25 -0.616068256394 
3.4375 -0.9375 -1.15625266146 
3.4375 -0.625 -1.58443768859 
3.4375 -0.3125 -1.85914757882 
3.4375 0 -1.9537728048 
3.4375 0.3125 -1.85914757882 
3.4375 0.625 -1.58443768859 
3.4375 0.9375 -1.15625266146 
3.4375 1.25 -0.616068256394 
3.4375 1.5625 -0.016208951729 
3.4375 1.875 0.58522041852 
3.4375 2.1875 1.12996293734 
3.4375 2.5 1.5652526088 
3.4375 2.8125 1.84892548892 
3.4375 3.125 1.95350385837 
3.4375 3.4375 1.8688578271 
3.4375 3.75 1.6031865571 
3.4375 4.0625 1.18222405784 
3.4375 4.375 0.646746484617 
3.4375 4.6875 0.0486223927033 
3.75 -5 -1.08627322976 
3.75 -4.6875 0.0953015356398 
3.75 -4.375 1.26764500319 
3.75 -4.0625 2.31719917345 
3.75 -3.75 3.1422999222 
3.75 -3.4375 3.66302460479 
3.75 -3.125 3.82893369146 
3.75 -2.8125 3.6239565472 
3.75 -2.5 3.06794809941 
3.75 -2.1875 2.21476560815 
3.75 -1.875 1.1470518309 
3.75 -1.5625 -0.0317700940864 
3.75 -1.25 -1.20751463737 
3.75 -0.9375 -2.26629435736 
3.75 -0.625 -3.10555150524 
3.75 -0.3125 -3.64399218944 
3.75 0 -3.82946083557 
3.75 0.3125 -3.64399218944 
3.75 0.625 -3.10555150524 
3.75 0.9375 -2.26629435736 
3.75 1.25 -1.20751463737 
3.75 1.5625 -0.0317700940864 
3.75 1.875 1.1470518309 
3.75 2.1875 2.21476560815 
3.75 2.5 3.06794809941 
3.75 2.8125 3.6239565472 
3.75 3.125 3.82893369146 
3.75 3.4375 3.66302460479 
3.75 3.75 3.1422999222 
3.75 4.0625 2.31719917345 
3.75 4.375 1.26764500319 
3.75 4.6875 0.0953015356398 
4.0625 -5 -1.51311411282 
4.0625 -4.6875 0.132749380726 
4.0625 -4.375 1.76575422447 
4.0625 -4.0625 3.22772086754 
4.0625 -3.75 4.37703722113 
4.0625 -3.4375 5.10237578655 
4.0625 -3.125 5.33347729361 
4.0625 -2.8125 5.04795630195 
4.0625 -2.5 4.27346954654 
4.0625 -2.1875 3.08503699296 
4.0625 -1.875 1.59777509554 
4.0625 -1.5625 -0.0442538547492 
4.0625 -1.25 -1.68199619505 
4.0625 -0.9375 -3.15681348115 
4.0625 -0.625 -4.32584885821 
4.0625 -0.3125 -5.075864762 
4.0625 0 -5.33421157407 
4.0625 0.3125 -5.075864762 
4.0625 0.625 -4.32584885821 
4.0625 0.9375 -3.15681348115 
4.0625 1.25 -1.68199619505 
4.0625 1.5625 -0.0442538547492 
4.0625 1.875 1.59777509554 
4.0625 2.1875 3.08503699296 
4.0625 2.5 4.27346954654 
4.0625 2.8125 5.04795630195 
4.0625 3.125 5.33347729361 
4.0625 3.4375 5.10237578655 
4.0625 3.75 4.37703722113 
4.0625 4.0625 3.22772086754 
4.0625 4.375 1.76575422447 
4.0625 4.6875 0.132749380726 
4.375 -5 -1.79338855324 
4.375 -4.6875 0.157338576004 
4.375 -4.375 2.09282524508 
4.375 -4.0625 3.82559227216 
4.375 -3.75 5.1877967319 
4.375 -3.4375 6.04748990996 
4.375 -3.125 6.32139839704 
4.375 -2.8125 5.98299029296 
4.375 -2.5 5.0650451955 
4.375 -2.1875 3.65647903394 
4.375 -1.875 1.89373130731 
4.375 -1.5625 -0.0524510054274 
4.375 -1.25 -1.99355269853 
4.375 -0.9375 -3.7415506959 
4.375 -0.625 -5.12712673791 
4.375 -0.3125 -6.01606824285 
4.375 0 -6.32226868842 
4.375 0.3125 -6.01606824285 
4.375 0.625 -5.12712673791 
4.375 0.9375 -3.7415506959 
4.375 1.25 -1.99355269853 
4.375 1.5625 -0.0524510054274 
4.375 1.875 1.89373130731 
4.375 2.1875 3.65647903394 
4.375 2.5 5.0650451955 
4.375 2.8125 5.98299029296 
4.375 3.125 6.32139839704 
4.375 3.4375 6.04748990996 
4.375 3.75 5.1877967319 
4.375 4.0625 3.82559227216 
4.375 4.375 2.09282524508 
4.375 4.6875 0.157338576004 
4.6875 -5 -1.8999480185 
4.6875 -4.6875 0.166687311109 
4.6875 -4.375 2.21717662369 
4.6875 -4.0625 4.05290110943 
4.6875 -3.75 5.49604496099 
4.6875 -3.4375 6.40681934239 
4.6875 -3.125 6.69700290931 
4.6875 -2.8125 6.33848729059 
4.6875 -2.5 5.36599978036 
4.6875 -2.1875 3.87373950985 
4.6875 -1.875 2.00625293297 
4.6875 -1.5625 -0.055567536466 
4.6875 -1.25 -2.11200550628 
4.6875 -0.9375 -3.96386595528 
4.6875 -0.625 -5.43177008054 
4.6875 -0.3125 -6.37353066433 
4.6875 0 -6.69792491162 
4.6875 0.3125 -6.37353066433 
4.6875 0.625 -5.43177008054 
4.6875 0.9375 -3.96386595528 
4.6875 1.25 -2.11200550628 
4.6875 1.5625 -0.055567536466 
4.6875 1.875 2.00625293297 
4.6875 2.1875 3.87373950985 
4.6875 2.5 5.36599978036 
4.6875 2.8125 6.33848729059 
4.6875 3.125 6.69700290931 
4.6875 3.4375 6.40681934239 
4.6875 3.75 5.49604496099 
4.6875 4.0625 4.05290110943 
4.6875 4.375 2.21717662369 
4.6875 4.6875 0.166687311109 
