2 1 1024
y1 y2 x
-5 -5 -1.35655313348e-076 
-5 -4.6875 -1.31416084805e-076 
-5 -4.375 -1.27176856263e-076 
-5 -4.0625 -1.22937627721e-076 
-5 -3.75 -1.18698399179e-076 
-5 -3.4375 -1.14459170637e-076 
-5 -3.125 -1.10219942095e-076 
-5 -2.8125 -1.05980713553e-076 
-5 -2.5 -1.01741485011e-076 
-5 -2.1875 -9.75022564685e-077 
-5 -1.875 -9.32630279264e-077 
-5 -1.5625 -8.90237993843e-077 
-5 -1.25 -8.47845708422e-077 
-5 -0.9375 -8.05453423001e-077 
-5 -0.625 -7.6306113758e-077 
-5 -0.3125 -7.20668852159e-077 
-5 0 -6.78276566738e-077 
-5 0.3125 -6.35884281316e-077 
-5 0.625 -5.93491995895e-077 
-5 0.9375 -5.51099710474e-077 
-5 1.25 -5.08707425053e-077 
-5 1.5625 -4.66315139632e-077 
-5 1.875 -4.23922854211e-077 
-5 2.1875 -3.8153056879e-077 
-5 2.5 -3.39138283369e-077 
-5 2.8125 -2.96745997948e-077 
-5 3.125 -2.54353712527e-077 
-5 3.4375 -2.11961427105e-077 
-5 3.75 -1.69569141684e-077 
-5 4.0625 -1.27176856263e-077 
-5 4.375 -8.47845708422e-078 
-5 4.6875 -4.23922854211e-078 
-4.6875 -5 1.10473812202e-072 
-4.6875 -4.6875 1.07021505571e-072 
-4.6875 -4.375 1.0356919894e-072 
-4.6875 -4.0625 1.00116892308e-072 
-4.6875 -3.75 9.66645856771e-073 
-4.6875 -3.4375 9.32122790458e-073 
-4.6875 -3.125 8.97599724144e-073 
-4.6875 -2.8125 8.63076657831e-073 
-4.6875 -2.5 8.28553591518e-073 
-4.6875 -2.1875 7.94030525205e-073 
-4.6875 -1.875 7.59507458891e-073 
-4.6875 -1.5625 7.24984392578e-073 
-4.6875 -1.25 6.90461326265e-073 
-4.6875 -0.9375 6.55938259952e-073 
-4.6875 -0.625 6.21415193638e-073 
-4.6875 -0.3125 5.86892127325e-073 
-4.6875 0 5.52369061012e-073 
-4.6875 0.3125 5.17845994699e-073 
-4.6875 0.625 4.83322928385e-073 
-4.6875 0.9375 4.48799862072e-073 
-4.6875 1.25 4.14276795759e-073 
-4.6875 1.5625 3.79753729446e-073 
-4.6875 1.875 3.45230663132e-073 
-4.6875 2.1875 3.10707596819e-073 
-4.6875 2.5 2.76184530506e-073 
-4.6875 2.8125 2.41661464193e-073 
-4.6875 3.125 2.07138397879e-073 
-4.6875 3.4375 1.72615331566e-073 
-4.6875 3.75 1.38092265253e-073 
-4.6875 4.0625 1.0356919894e-073 
-4.6875 4.375 6.90461326265e-074 
-4.6875 4.6875 3.45230663132e-074 
-4.375 -5 1.11033699184e-066 
-4.375 -4.6875 1.07563896085e-066 
-4.375 -4.375 1.04094092985e-066 
-4.375 -4.0625 1.00624289886e-066 
-4.375 -3.75 9.71544867864e-067 
-4.375 -3.4375 9.36846836869e-067 
-4.375 -3.125 9.02148805873e-067 
-4.375 -2.8125 8.67450774878e-067 
-4.375 -2.5 8.32752743883e-067 
-4.375 -2.1875 7.98054712888e-067 
-4.375 -1.875 7.63356681893e-067 
-4.375 -1.5625 7.28658650898e-067 
-4.375 -1.25 6.93960619903e-067 
-4.375 -0.9375 6.59262588908e-067 
-4.375 -0.625 6.24564557912e-067 
-4.375 -0.3125 5.89866526917e-067 
-4.375 0 5.55168495922e-067 
-4.375 0.3125 5.20470464927e-067 
-4.375 0.625 4.85772433932e-067 
-4.375 0.9375 4.51074402937e-067 
-4.375 1.25 4.16376371942e-067 
-4.375 1.5625 3.81678340946e-067 
-4.375 1.875 3.46980309951e-067 
-4.375 2.1875 3.12282278956e-067 
-4.375 2.5 2.77584247961e-067 
-4.375 2.8125 2.42886216966e-067 
-4.375 3.125 2.08188185971e-067 
-4.375 3.4375 1.73490154976e-067 
-4.375 3.75 1.38792123981e-067 
-4.375 4.0625 1.04094092985e-067 
-4.375 4.375 6.93960619903e-068 
-4.375 4.6875 3.46980309951e-068 
-4.0625 -5 1.14184740984e-061 
-4.0625 -4.6875 1.10616467828e-061 
-4.0625 -4.375 1.07048194672e-061 
-4.0625 -4.0625 1.03479921516e-061 
-4.0625 -3.75 9.99116483607e-062 
-4.0625 -3.4375 9.63433752049e-062 
-4.0625 -3.125 9.27751020492e-062 
-4.0625 -2.8125 8.92068288934e-062 
-4.0625 -2.5 8.56385557377e-062 
-4.0625 -2.1875 8.2070282582e-062 
-4.0625 -1.875 7.85020094262e-062 
-4.0625 -1.5625 7.49337362705e-062 
-4.0625 -1.25 7.13654631148e-062 
-4.0625 -0.9375 6.7797189959e-062 
-4.0625 -0.625 6.42289168033e-062 
-4.0625 -0.3125 6.06606436475e-062 
-4.0625 0 5.70923704918e-062 
-4.0625 0.3125 5.35240973361e-062 
-4.0625 0.625 4.99558241803e-062 
-4.0625 0.9375 4.63875510246e-062 
-4.0625 1.25 4.28192778689e-062 
-4.0625 1.5625 3.92510047131e-062 
-4.0625 1.875 3.56827315574e-062 
-4.0625 2.1875 3.21144584016e-062 
-4.0625 2.5 2.85461852459e-062 
-4.0625 2.8125 2.49779120902e-062 
-4.0625 3.125 2.14096389344e-062 
-4.0625 3.4375 1.78413657787e-062 
-4.0625 3.75 1.4273092623e-062 
-4.0625 4.0625 1.07048194672e-062 
-4.0625 4.375 7.13654631148e-063 
-4.0625 4.6875 3.56827315574e-063 
-3.75 -5 6.24536830892e-057 
-3.75 -4.6875 6.05020054927e-057 
-3.75 -4.375 5.85503278961e-057 
-3.75 -4.0625 5.65986502996e-057 
-3.75 -3.75 5.46469727031e-057 
-3.75 -3.4375 5.26952951065e-057 
-3.75 -3.125 5.074361751e-057 
-3.75 -2.8125 4.87919399134e-057 
-3.75 -2.5 4.68402623169e-057 
-3.75 -2.1875 4.48885847204e-057 
-3.75 -1.875 4.29369071238e-057 
-3.75 -1.5625 4.09852295273e-057 
-3.75 -1.25 3.90335519308e-057 
-3.75 -0.9375 3.70818743342e-057 
-3.75 -0.625 3.51301967377e-057 
-3.75 -0.3125 3.31785191411e-057 
-3.75 0 3.12268415446e-057 
-3.75 0.3125 2.92751639481e-057 
-3.75 0.625 2.73234863515e-057 
-3.75 0.9375 2.5371808755e-057 
-3.75 1.25 2.34201311585e-057 
-3.75 1.5625 2.14684535619e-057 
-3.75 1.875 1.95167759654e-057 
-3.75 2.1875 1.75650983688e-057 
-3.75 2.5 1.56134207723e-057 
-3.75 2.8125 1.36617431758e-057 
-3.75 3.125 1.17100655792e-057 
-3.75 3.4375 9.75838798269e-058 
-3.75 3.75 7.80671038615e-058 
-3.75 4.0625 5.85503278961e-058 
-3.75 4.375 3.90335519308e-058 
-3.75 4.6875 1.95167759654e-058 
-3.4375 -5 1.90142791501e-052 
-3.4375 -4.6875 1.84200829267e-052 
-3.4375 -4.375 1.78258867032e-052 
-3.4375 -4.0625 1.72316904798e-052 
-3.4375 -3.75 1.66374942563e-052 
-3.4375 -3.4375 1.60432980329e-052 
-3.4375 -3.125 1.54491018095e-052 
-3.4375 -2.8125 1.4854905586e-052 
-3.4375 -2.5 1.42607093626e-052 
-3.4375 -2.1875 1.36665131391e-052 
-3.4375 -1.875 1.30723169157e-052 
-3.4375 -1.5625 1.24781206923e-052 
-3.4375 -1.25 1.18839244688e-052 
-3.4375 -0.9375 1.12897282454e-052 
-3.4375 -0.625 1.06955320219e-052 
-3.4375 -0.3125 1.01013357985e-052 
-3.4375 0 9.50713957505e-053 
-3.4375 0.3125 8.91294335161e-053 
-3.4375 0.625 8.31874712817e-053 
-3.4375 0.9375 7.72455090473e-053 
-3.4375 1.25 7.13035468129e-053 
-3.4375 1.5625 6.53615845785e-053 
-3.4375 1.875 5.94196223441e-053 
-3.4375 2.1875 5.34776601097e-053 
-3.4375 2.5 4.75356978752e-053 
-3.4375 2.8125 4.15937356408e-053 
-3.4375 3.125 3.56517734064e-053 
-3.4375 3.4375 2.9709811172e-053 
-3.4375 3.75 2.37678489376e-053 
-3.4375 4.0625 1.78258867032e-053 
-3.4375 4.375 1.18839244688e-053 
-3.4375 4.6875 5.94196223441e-054 
-3.125 -5 -6.12535727992e-049 
-3.125 -4.6875 -5.93393986493e-049 
-3.125 -4.375 -5.74252244993e-049 
-3.125 -4.0625 -5.55110503493e-049 
-3.125 -3.75 -5.35968761993e-049 
-3.125 -3.4375 -5.16827020494e-049 
-3.125 -3.125 -4.97685278994e-049 
-3.125 -2.8125 -4.78543537494e-049 
-3.125 -2.5 -4.59401795994e-049 
-3.125 -2.1875 -4.40260054495e-049 
-3.125 -1.875 -4.21118312995e-049 
-3.125 -1.5625 -4.01976571495e-049 
-3.125 -1.25 -3.82834829995e-049 
-3.125 -0.9375 -3.63693088496e-049 
-3.125 -0.625 -3.44551346996e-049 
-3.125 -0.3125 -3.25409605496e-049 
-3.125 0 -3.06267863996e-049 
-3.125 0.3125 -2.87126122496e-049 
-3.125 0.625 -2.67984380997e-049 
-3.125 0.9375 -2.48842639497e-049 
-3.125 1.25 -2.29700897997e-049 
-3.125 1.5625 -2.10559156497e-049 
-3.125 1.875 -1.91417414998e-049 
-3.125 2.1875 -1.72275673498e-049 
-3.125 2.5 -1.53133931998e-049 
-3.125 2.8125 -1.33992190498e-049 
-3.125 3.125 -1.14850448999e-049 
-3.125 3.4375 -9.57087074988e-050 
-3.125 3.75 -7.65669659991e-050 
-3.125 4.0625 -5.74252244993e-050 
-3.125 4.375 -3.82834829995e-050 
-3.125 4.6875 -1.91417414998e-050 
-2.8125 -5 -7.04810394953e-043 
-2.8125 -4.6875 -6.82785070111e-043 
-2.8125 -4.375 -6.60759745269e-043 
-2.8125 -4.0625 -6.38734420426e-043 
-2.8125 -3.75 -6.16709095584e-043 
-2.8125 -3.4375 -5.94683770742e-043 
-2.8125 -3.125 -5.72658445899e-043 
-2.8125 -2.8125 -5.50633121057e-043 
-2.8125 -2.5 -5.28607796215e-043 
-2.8125 -2.1875 -5.06582471373e-043 
-2.8125 -1.875 -4.8455714653e-043 
-2.8125 -1.5625 -4.62531821688e-043 
-2.8125 -1.25 -4.40506496846e-043 
-2.8125 -0.9375 -4.18481172003e-043 
-2.8125 -0.625 -3.96455847161e-043 
-2.8125 -0.3125 -3.74430522319e-043 
-2.8125 0 -3.52405197477e-043 
-2.8125 0.3125 -3.30379872634e-043 
-2.8125 0.625 -3.08354547792e-043 
-2.8125 0.9375 -2.8632922295e-043 
-2.8125 1.25 -2.64303898107e-043 
-2.8125 1.5625 -2.42278573265e-043 
-2.8125 1.875 -2.20253248423e-043 
-2.8125 2.1875 -1.98227923581e-043 
-2.8125 2.5 -1.76202598738e-043 
-2.8125 2.8125 -1.54177273896e-043 
-2.8125 3.125 -1.32151949054e-043 
-2.8125 3.4375 -1.10126624211e-043 
-2.8125 3.75 -8.81012993691e-044 
-2.8125 4.0625 -6.60759745269e-044 
-2.8125 4.375 -4.40506496846e-044 
-2.8125 4.6875 -2.20253248423e-044 
-2.5 -5 -7.08328642599e-038 
-2.5 -4.6875 -6.86193372518e-038 
-2.5 -4.375 -6.64058102437e-038 
-2.5 -4.0625 -6.41922832355e-038 
-2.5 -3.75 -6.19787562274e-038 
-2.5 -3.4375 -5.97652292193e-038 
-2.5 -3.125 -5.75517022112e-038 
-2.5 -2.8125 -5.53381752031e-038 
-2.5 -2.5 -5.31246481949e-038 
-2.5 -2.1875 -5.09111211868e-038 
-2.5 -1.875 -4.86975941787e-038 
-2.5 -1.5625 -4.64840671706e-038 
-2.5 -1.25 -4.42705401624e-038 
-2.5 -0.9375 -4.20570131543e-038 
-2.5 -0.625 -3.98434861462e-038 
-2.5 -0.3125 -3.76299591381e-038 
-2.5 0 -3.541643213e-038 
-2.5 0.3125 -3.32029051218e-038 
-2.5 0.625 -3.09893781137e-038 
-2.5 0.9375 -2.87758511056e-038 
-2.5 1.25 -2.65623240975e-038 
-2.5 1.5625 -2.43487970893e-038 
-2.5 1.875 -2.21352700812e-038 
-2.5 2.1875 -1.99217430731e-038 
-2.5 2.5 -1.7708216065e-038 
-2.5 2.8125 -1.54946890569e-038 
-2.5 3.125 -1.32811620487e-038 
-2.5 3.4375 -1.10676350406e-038 
-2.5 3.75 -8.85410803249e-039 
-2.5 4.0625 -6.64058102437e-039 
-2.5 4.375 -4.42705401624e-039 
-2.5 4.6875 -2.21352700812e-039 
-2.1875 -5 -3.91623061374e-033 
-2.1875 -4.6875 -3.79384840706e-033 
-2.1875 -4.375 -3.67146620038e-033 
-2.1875 -4.0625 -3.5490839937e-033 
-2.1875 -3.75 -3.42670178702e-033 
-2.1875 -3.4375 -3.30431958034e-033 
-2.1875 -3.125 -3.18193737366e-033 
-2.1875 -2.8125 -3.05955516698e-033 
-2.1875 -2.5 -2.9371729603e-033 
-2.1875 -2.1875 -2.81479075363e-033 
-2.1875 -1.875 -2.69240854695e-033 
-2.1875 -1.5625 -2.57002634027e-033 
-2.1875 -1.25 -2.44764413359e-033 
-2.1875 -0.9375 -2.32526192691e-033 
-2.1875 -0.625 -2.20287972023e-033 
-2.1875 -0.3125 -2.08049751355e-033 
-2.1875 0 -1.95811530687e-033 
-2.1875 0.3125 -1.83573310019e-033 
-2.1875 0.625 -1.71335089351e-033 
-2.1875 0.9375 -1.59096868683e-033 
-2.1875 1.25 -1.46858648015e-033 
-2.1875 1.5625 -1.34620427347e-033 
-2.1875 1.875 -1.22382206679e-033 
-2.1875 2.1875 -1.10143986011e-033 
-2.1875 2.5 -9.79057653435e-034 
-2.1875 2.8125 -8.56675446756e-034 
-2.1875 3.125 -7.34293240076e-034 
-2.1875 3.4375 -6.11911033397e-034 
-2.1875 3.75 -4.89528826717e-034 
-2.1875 4.0625 -3.67146620038e-034 
-2.1875 4.375 -2.44764413359e-034 
-2.1875 4.6875 -1.22382206679e-034 
-1.875 -5 -1.06985326398e-028 
-1.875 -4.6875 -1.03642034948e-028 
-1.875 -4.375 -1.00298743498e-028 
-1.875 -4.0625 -9.6955452048e-029 
-1.875 -3.75 -9.3612160598e-029 
-1.875 -3.4375 -9.02688691481e-029 
-1.875 -3.125 -8.69255776982e-029 
-1.875 -2.8125 -8.35822862483e-029 
-1.875 -2.5 -8.02389947983e-029 
-1.875 -2.1875 -7.68957033484e-029 
-1.875 -1.875 -7.35524118985e-029 
-1.875 -1.5625 -7.02091204485e-029 
-1.875 -1.25 -6.68658289986e-029 
-1.875 -0.9375 -6.35225375487e-029 
-1.875 -0.625 -6.01792460987e-029 
-1.875 -0.3125 -5.68359546488e-029 
-1.875 0 -5.34926631989e-029 
-1.875 0.3125 -5.0149371749e-029 
-1.875 0.625 -4.6806080299e-029 
-1.875 0.9375 -4.34627888491e-029 
-1.875 1.25 -4.01194973992e-029 
-1.875 1.5625 -3.67762059492e-029 
-1.875 1.875 -3.34329144993e-029 
-1.875 2.1875 -3.00896230494e-029 
-1.875 2.5 -2.67463315994e-029 
-1.875 2.8125 -2.34030401495e-029 
-1.875 3.125 -2.00597486996e-029 
-1.875 3.4375 -1.67164572497e-029 
-1.875 3.75 -1.33731657997e-029 
-1.875 4.0625 -1.00298743498e-029 
-1.875 4.375 -6.68658289986e-030 
-1.875 4.6875 -3.34329144993e-030 
-1.5625 -5 1.09149328044e-025 
-1.5625 -4.6875 1.05738411542e-025 
-1.5625 -4.375 1.02327495041e-025 
-1.5625 -4.0625 9.89165785396e-026 
-1.5625 -3.75 9.55056620382e-026 
-1.5625 -3.4375 9.20947455369e-026 
-1.5625 -3.125 8.86838290355e-026 
-1.5625 -2.8125 8.52729125341e-026 
-1.5625 -2.5 8.18619960328e-026 
-1.5625 -2.1875 7.84510795314e-026 
-1.5625 -1.875 7.504016303e-026 
-1.5625 -1.5625 7.16292465287e-026 
-1.5625 -1.25 6.82183300273e-026 
-1.5625 -0.9375 6.48074135259e-026 
-1.5625 -0.625 6.13964970246e-026 
-1.5625 -0.3125 5.79855805232e-026 
-1.5625 0 5.45746640218e-026 
-1.5625 0.3125 5.11637475205e-026 
-1.5625 0.625 4.77528310191e-026 
-1.5625 0.9375 4.43419145177e-026 
-1.5625 1.25 4.09309980164e-026 
-1.5625 1.5625 3.7520081515e-026 
-1.5625 1.875 3.41091650137e-026 
-1.5625 2.1875 3.06982485123e-026 
-1.5625 2.5 2.72873320109e-026 
-1.5625 2.8125 2.38764155096e-026 
-1.5625 3.125 2.04654990082e-026 
-1.5625 3.4375 1.70545825068e-026 
-1.5625 3.75 1.36436660055e-026 
-1.5625 4.0625 1.02327495041e-026 
-1.5625 4.375 6.82183300273e-027 
-1.5625 4.6875 3.41091650137e-027 
-1.25 -5 1.13429292706e-019 
-1.25 -4.6875 1.09884627309e-019 
-1.25 -4.375 1.06339961912e-019 
-1.25 -4.0625 1.02795296515e-019 
-1.25 -3.75 9.92506311175e-020 
-1.25 -3.4375 9.57059657205e-020 
-1.25 -3.125 9.21613003234e-020 
-1.25 -2.8125 8.86166349264e-020 
-1.25 -2.5 8.50719695293e-020 
-1.25 -2.1875 8.15273041323e-020 
-1.25 -1.875 7.79826387352e-020 
-1.25 -1.5625 7.44379733382e-020 
-1.25 -1.25 7.08933079411e-020 
-1.25 -0.9375 6.7348642544e-020 
-1.25 -0.625 6.3803977147e-020 
-1.25 -0.3125 6.02593117499e-020 
-1.25 0 5.67146463529e-020 
-1.25 0.3125 5.31699809558e-020 
-1.25 0.625 4.96253155588e-020 
-1.25 0.9375 4.60806501617e-020 
-1.25 1.25 4.25359847647e-020 
-1.25 1.5625 3.89913193676e-020 
-1.25 1.875 3.54466539705e-020 
-1.25 2.1875 3.19019885735e-020 
-1.25 2.5 2.83573231764e-020 
-1.25 2.8125 2.48126577794e-020 
-1.25 3.125 2.12679923823e-020 
-1.25 3.4375 1.77233269853e-020 
-1.25 3.75 1.41786615882e-020 
-1.25 4.0625 1.06339961912e-020 
-1.25 4.375 7.08933079411e-021 
-1.25 4.6875 3.54466539705e-021 
-0.9375 -5 5.11048531203e-015 
-0.9375 -4.6875 4.95078264603e-015 
-0.9375 -4.375 4.79107998003e-015 
-0.9375 -4.0625 4.63137731403e-015 
-0.9375 -3.75 4.47167464803e-015 
-0.9375 -3.4375 4.31197198203e-015 
-0.9375 -3.125 4.15226931603e-015 
-0.9375 -2.8125 3.99256665002e-015 
-0.9375 -2.5 3.83286398402e-015 
-0.9375 -2.1875 3.67316131802e-015 
-0.9375 -1.875 3.51345865202e-015 
-0.9375 -1.5625 3.35375598602e-015 
-0.9375 -1.25 3.19405332002e-015 
-0.9375 -0.9375 3.03435065402e-015 
-0.9375 -0.625 2.87464798802e-015 
-0.9375 -0.3125 2.71494532202e-015 
-0.9375 0 2.55524265602e-015 
-0.9375 0.3125 2.39553999001e-015 
-0.9375 0.625 2.23583732401e-015 
-0.9375 0.9375 2.07613465801e-015 
-0.9375 1.25 1.91643199201e-015 
-0.9375 1.5625 1.75672932601e-015 
-0.9375 1.875 1.59702666001e-015 
-0.9375 2.1875 1.43732399401e-015 
-0.9375 2.5 1.27762132801e-015 
-0.9375 2.8125 1.11791866201e-015 
-0.9375 3.125 9.58215996006e-016 
-0.9375 3.4375 7.98513330005e-016 
-0.9375 3.75 6.38810664004e-016 
-0.9375 4.0625 4.79107998003e-016 
-0.9375 4.375 3.19405332002e-016 
-0.9375 4.6875 1.59702666001e-016 
-0.625 -5 1.37770928586e-010 
-0.625 -4.6875 1.33465587067e-010 
-0.625 -4.375 1.29160245549e-010 
-0.625 -4.0625 1.24854904031e-010 
-0.625 -3.75 1.20549562512e-010 
-0.625 -3.4375 1.16244220994e-010 
-0.625 -3.125 1.11938879476e-010 
-0.625 -2.8125 1.07633537957e-010 
-0.625 -2.5 1.03328196439e-010 
-0.625 -2.1875 9.90228549209e-011 
-0.625 -1.875 9.47175134026e-011 
-0.625 -1.5625 9.04121718843e-011 
-0.625 -1.25 8.6106830366e-011 
-0.625 -0.9375 8.18014888477e-011 
-0.625 -0.625 7.74961473294e-011 
-0.625 -0.3125 7.31908058111e-011 
-0.625 0 6.88854642928e-011 
-0.625 0.3125 6.45801227745e-011 
-0.625 0.625 6.02747812562e-011 
-0.625 0.9375 5.59694397379e-011 
-0.625 1.25 5.16640982196e-011 
-0.625 1.5625 4.73587567013e-011 
-0.625 1.875 4.3053415183e-011 
-0.625 2.1875 3.87480736647e-011 
-0.625 2.5 3.44427321464e-011 
-0.625 2.8125 3.01373906281e-011 
-0.625 3.125 2.58320491098e-011 
-0.625 3.4375 2.15267075915e-011 
-0.625 3.75 1.72213660732e-011 
-0.625 4.0625 1.29160245549e-011 
-0.625 4.375 8.6106830366e-012 
-0.625 4.6875 4.3053415183e-012 
-0.3125 -5 1.04251040248e-006 
-0.3125 -4.6875 1.0099319524e-006 
-0.3125 -4.375 9.77353502325e-007 
-0.3125 -4.0625 9.44775052248e-007 
-0.3125 -3.75 9.1219660217e-007 
-0.3125 -3.4375 8.79618152093e-007 
-0.3125 -3.125 8.47039702015e-007 
-0.3125 -2.8125 8.14461251938e-007 
-0.3125 -2.5 7.8188280186e-007 
-0.3125 -2.1875 7.49304351783e-007 
-0.3125 -1.875 7.16725901705e-007 
-0.3125 -1.5625 6.84147451628e-007 
-0.3125 -1.25 6.5156900155e-007 
-0.3125 -0.9375 6.18990551473e-007 
-0.3125 -0.625 5.86412101395e-007 
-0.3125 -0.3125 5.53833651318e-007 
-0.3125 0 5.2125520124e-007 
-0.3125 0.3125 4.88676751163e-007 
-0.3125 0.625 4.56098301085e-007 
-0.3125 0.9375 4.23519851008e-007 
-0.3125 1.25 3.9094140093e-007 
-0.3125 1.5625 3.58362950853e-007 
-0.3125 1.875 3.25784500775e-007 
-0.3125 2.1875 2.93206050698e-007 
-0.3125 2.5 2.6062760062e-007 
-0.3125 2.8125 2.28049150543e-007 
-0.3125 3.125 1.95470700465e-007 
-0.3125 3.4375 1.62892250388e-007 
-0.3125 3.75 1.3031380031e-007 
-0.3125 4.0625 9.77353502325e-008 
-0.3125 4.375 6.5156900155e-008 
-0.3125 4.6875 3.25784500775e-008 
0 -5 0 
0 -4.6875 0 
0 -4.375 0 
0 -4.0625 0 
0 -3.75 0 
0 -3.4375 0 
0 -3.125 0 
0 -2.8125 0 
0 -2.5 0 
0 -2.1875 0 
0 -1.875 0 
0 -1.5625 0 
0 -1.25 0 
0 -0.9375 0 
0 -0.625 0 
0 -0.3125 0 
0 0 0 
0 0.3125 0 
0 0.625 0 
0 0.9375 0 
0 1.25 0 
0 1.5625 0 
0 1.875 0 
0 2.1875 0 
0 2.5 0 
0 2.8125 0 
0 3.125 0 
0 3.4375 0 
0 3.75 0 
0 4.0625 0 
0 4.375 0 
0 4.6875 0 
0.3125 -5 6332.20922712 
0.3125 -4.6875 6134.32768878 
0.3125 -4.375 5936.44615043 
0.3125 -4.0625 5738.56461208 
0.3125 -3.75 5540.68307373 
0.3125 -3.4375 5342.80153539 
0.3125 -3.125 5144.91999704 
0.3125 -2.8125 4947.03845869 
0.3125 -2.5 4749.15692034 
0.3125 -2.1875 4551.275382 
0.3125 -1.875 4353.39384365 
0.3125 -1.5625 4155.5123053 
0.3125 -1.25 3957.63076695 
0.3125 -0.9375 3759.74922861 
0.3125 -0.625 3561.86769026 
0.3125 -0.3125 3363.98615191 
0.3125 0 3166.10461356 
0.3125 0.3125 2968.22307521 
0.3125 0.625 2770.34153687 
0.3125 0.9375 2572.45999852 
0.3125 1.25 2374.57846017 
0.3125 1.5625 2176.69692182 
0.3125 1.875 1978.81538348 
0.3125 2.1875 1780.93384513 
0.3125 2.5 1583.05230678 
0.3125 2.8125 1385.17076843 
0.3125 3.125 1187.28923009 
0.3125 3.4375 989.407691738 
0.3125 3.75 791.526153391 
0.3125 4.0625 593.644615043 
0.3125 4.375 395.763076695 
0.3125 4.6875 197.881538348 
0.625 -5 5082850120.83 
0.625 -4.6875 4924011054.55 
0.625 -4.375 4765171988.28 
0.625 -4.0625 4606332922 
0.625 -3.75 4447493855.73 
0.625 -3.4375 4288654789.45 
0.625 -3.125 4129815723.17 
0.625 -2.8125 3970976656.9 
0.625 -2.5 3812137590.62 
0.625 -2.1875 3653298524.35 
0.625 -1.875 3494459458.07 
0.625 -1.5625 3335620391.8 
0.625 -1.25 3176781325.52 
0.625 -0.9375 3017942259.24 
0.625 -0.625 2859103192.97 
0.625 -0.3125 2700264126.69 
0.625 0 2541425060.42 
0.625 0.3125 2382585994.14 
0.625 0.625 2223746927.86 
0.625 0.9375 2064907861.59 
0.625 1.25 1906068795.31 
0.625 1.5625 1747229729.04 
0.625 1.875 1588390662.76 
0.625 2.1875 1429551596.48 
0.625 2.5 1270712530.21 
0.625 2.8125 1111873463.93 
0.625 3.125 953034397.656 
0.625 3.4375 794195331.38 
0.625 3.75 635356265.104 
0.625 4.0625 476517198.828 
0.625 4.375 317678132.552 
0.625 4.6875 158839066.276 
0.9375 -5 1.14521419282e+015 
0.9375 -4.6875 1.1094262493e+015 
0.9375 -4.375 1.07363830577e+015 
0.9375 -4.0625 1.03785036225e+015 
0.9375 -3.75 1.00206241872e+015 
0.9375 -3.4375 9.66274475195e+014 
0.9375 -3.125 9.30486531669e+014 
0.9375 -2.8125 8.94698588144e+014 
0.9375 -2.5 8.58910644618e+014 
0.9375 -2.1875 8.23122701092e+014 
0.9375 -1.875 7.87334757566e+014 
0.9375 -1.5625 7.51546814041e+014 
0.9375 -1.25 7.15758870515e+014 
0.9375 -0.9375 6.79970926989e+014 
0.9375 -0.625 6.44182983463e+014 
0.9375 -0.3125 6.08395039938e+014 
0.9375 0 5.72607096412e+014 
0.9375 0.3125 5.36819152886e+014 
0.9375 0.625 5.0103120936e+014 
0.9375 0.9375 4.65243265835e+014 
0.9375 1.25 4.29455322309e+014 
0.9375 1.5625 3.93667378783e+014 
0.9375 1.875 3.57879435257e+014 
0.9375 2.1875 3.22091491732e+014 
0.9375 2.5 2.86303548206e+014 
0.9375 2.8125 2.5051560468e+014 
0.9375 3.125 2.14727661154e+014 
0.9375 3.4375 1.78939717629e+014 
0.9375 3.75 1.43151774103e+014 
0.9375 4.0625 1.07363830577e+014 
0.9375 4.375 7.15758870515e+013 
0.9375 4.6875 3.57879435257e+013 
1.25 -5 1.543919528e+020 
1.25 -4.6875 1.49567204275e+020 
1.25 -4.375 1.4474245575e+020 
1.25 -4.0625 1.39917707225e+020 
1.25 -3.75 1.350929587e+020 
1.25 -3.4375 1.30268210175e+020 
1.25 -3.125 1.2544346165e+020 
1.25 -2.8125 1.20618713125e+020 
1.25 -2.5 1.157939646e+020 
1.25 -2.1875 1.10969216075e+020 
1.25 -1.875 1.0614446755e+020 
1.25 -1.5625 1.01319719025e+020 
1.25 -1.25 9.64949705002e+019 
1.25 -0.9375 9.16702219752e+019 
1.25 -0.625 8.68454734502e+019 
1.25 -0.3125 8.20207249252e+019 
1.25 0 7.71959764002e+019 
1.25 0.3125 7.23712278752e+019 
1.25 0.625 6.75464793501e+019 
1.25 0.9375 6.27217308251e+019 
1.25 1.25 5.78969823001e+019 
1.25 1.5625 5.30722337751e+019 
1.25 1.875 4.82474852501e+019 
1.25 2.1875 4.34227367251e+019 
1.25 2.5 3.85979882001e+019 
1.25 2.8125 3.37732396751e+019 
1.25 3.125 2.89484911501e+019 
1.25 3.4375 2.41237426251e+019 
1.25 3.75 1.92989941e+019 
1.25 4.0625 1.4474245575e+019 
1.25 4.375 9.64949705002e+018 
1.25 4.6875 4.82474852501e+018 
1.5625 -5 9.0239226037e+023 
1.5625 -4.6875 8.74192502233e+023 
1.5625 -4.375 8.45992744097e+023 
1.5625 -4.0625 8.1779298596e+023 
1.5625 -3.75 7.89593227823e+023 
1.5625 -3.4375 7.61393469687e+023 
1.5625 -3.125 7.3319371155e+023 
1.5625 -2.8125 7.04993953414e+023 
1.5625 -2.5 6.76794195277e+023 
1.5625 -2.1875 6.48594437141e+023 
1.5625 -1.875 6.20394679004e+023 
1.5625 -1.5625 5.92194920868e+023 
1.5625 -1.25 5.63995162731e+023 
1.5625 -0.9375 5.35795404595e+023 
1.5625 -0.625 5.07595646458e+023 
1.5625 -0.3125 4.79395888321e+023 
1.5625 0 4.51196130185e+023 
1.5625 0.3125 4.22996372048e+023 
1.5625 0.625 3.94796613912e+023 
1.5625 0.9375 3.66596855775e+023 
1.5625 1.25 3.38397097639e+023 
1.5625 1.5625 3.10197339502e+023 
1.5625 1.875 2.81997581366e+023 
1.5625 2.1875 2.53797823229e+023 
1.5625 2.5 2.25598065092e+023 
1.5625 2.8125 1.97398306956e+023 
1.5625 3.125 1.69198548819e+023 
1.5625 3.4375 1.40998790683e+023 
1.5625 3.75 1.12799032546e+023 
1.5625 4.0625 8.45992744097e+022 
1.5625 4.375 5.63995162731e+022 
1.5625 4.6875 2.81997581366e+022 
1.875 -5 -5.37246222394e+030 
1.875 -4.6875 -5.20457277944e+030 
1.875 -4.375 -5.03668333494e+030 
1.875 -4.0625 -4.86879389044e+030 
1.875 -3.75 -4.70090444595e+030 
1.875 -3.4375 -4.53301500145e+030 
1.875 -3.125 -4.36512555695e+030 
1.875 -2.8125 -4.19723611245e+030 
1.875 -2.5 -4.02934666795e+030 
1.875 -2.1875 -3.86145722346e+030 
1.875 -1.875 -3.69356777896e+030 
1.875 -1.5625 -3.52567833446e+030 
1.875 -1.25 -3.35778888996e+030 
1.875 -0.9375 -3.18989944546e+030 
1.875 -0.625 -3.02201000097e+030 
1.875 -0.3125 -2.85412055647e+030 
1.875 0 -2.68623111197e+030 
1.875 0.3125 -2.51834166747e+030 
1.875 0.625 -2.35045222297e+030 
1.875 0.9375 -2.18256277847e+030 
1.875 1.25 -2.01467333398e+030 
1.875 1.5625 -1.84678388948e+030 
1.875 1.875 -1.67889444498e+030 
1.875 2.1875 -1.51100500048e+030 
1.875 2.5 -1.34311555598e+030 
1.875 2.8125 -1.17522611149e+030 
1.875 3.125 -1.00733666699e+030 
1.875 3.4375 -8.3944722249e+029 
1.875 3.75 -6.71557777992e+029 
1.875 4.0625 -5.03668333494e+029 
1.875 4.375 -3.35778888996e+029 
1.875 4.6875 -1.67889444498e+029 
2.1875 -5 -1.19451682594e+036 
2.1875 -4.6875 -1.15718817513e+036 
2.1875 -4.375 -1.11985952432e+036 
2.1875 -4.0625 -1.08253087351e+036 
2.1875 -3.75 -1.04520222269e+036 
2.1875 -3.4375 -1.00787357188e+036 
2.1875 -3.125 -9.70544921074e+035 
2.1875 -2.8125 -9.33216270263e+035 
2.1875 -2.5 -8.95887619453e+035 
2.1875 -2.1875 -8.58558968642e+035 
2.1875 -1.875 -8.21230317832e+035 
2.1875 -1.5625 -7.83901667021e+035 
2.1875 -1.25 -7.46573016211e+035 
2.1875 -0.9375 -7.092443654e+035 
2.1875 -0.625 -6.7191571459e+035 
2.1875 -0.3125 -6.34587063779e+035 
2.1875 0 -5.97258412969e+035 
2.1875 0.3125 -5.59929762158e+035 
2.1875 0.625 -5.22601111347e+035 
2.1875 0.9375 -4.85272460537e+035 
2.1875 1.25 -4.47943809726e+035 
2.1875 1.5625 -4.10615158916e+035 
2.1875 1.875 -3.73286508105e+035 
2.1875 2.1875 -3.35957857295e+035 
2.1875 2.5 -2.98629206484e+035 
2.1875 2.8125 -2.61300555674e+035 
2.1875 3.125 -2.23971904863e+035 
2.1875 3.4375 -1.86643254053e+035 
2.1875 3.75 -1.49314603242e+035 
2.1875 4.0625 -1.11985952432e+035 
2.1875 4.375 -7.46573016211e+034 
2.1875 4.6875 -3.73286508105e+034 
2.5 -5 -1.31230165429e+041 
2.5 -4.6875 -1.27129222759e+041 
2.5 -4.375 -1.2302828009e+041 
2.5 -4.0625 -1.1892733742e+041 
2.5 -3.75 -1.1482639475e+041 
2.5 -3.4375 -1.10725452081e+041 
2.5 -3.125 -1.06624509411e+041 
2.5 -2.8125 -1.02523566741e+041 
2.5 -2.5 -9.84226240718e+040 
2.5 -2.1875 -9.43216814022e+040 
2.5 -1.875 -9.02207387325e+040 
2.5 -1.5625 -8.61197960628e+040 
2.5 -1.25 -8.20188533932e+040 
2.5 -0.9375 -7.79179107235e+040 
2.5 -0.625 -7.38169680539e+040 
2.5 -0.3125 -6.97160253842e+040 
2.5 0 -6.56150827145e+040 
2.5 0.3125 -6.15141400449e+040 
2.5 0.625 -5.74131973752e+040 
2.5 0.9375 -5.33122547056e+040 
2.5 1.25 -4.92113120359e+040 
2.5 1.5625 -4.51103693662e+040 
2.5 1.875 -4.10094266966e+040 
2.5 2.1875 -3.69084840269e+040 
2.5 2.5 -3.28075413573e+040 
2.5 2.8125 -2.87065986876e+040 
2.5 3.125 -2.4605656018e+040 
2.5 3.4375 -2.05047133483e+040 
2.5 3.75 -1.64037706786e+040 
2.5 4.0625 -1.2302828009e+040 
2.5 4.375 -8.20188533932e+039 
2.5 4.6875 -4.10094266966e+039 
2.8125 -5 -7.9313302262e+045 
2.8125 -4.6875 -7.68347615663e+045 
2.8125 -4.375 -7.43562208706e+045 
2.8125 -4.0625 -7.18776801749e+045 
2.8125 -3.75 -6.93991394792e+045 
2.8125 -3.4375 -6.69205987835e+045 
2.8125 -3.125 -6.44420580878e+045 
2.8125 -2.8125 -6.19635173922e+045 
2.8125 -2.5 -5.94849766965e+045 
2.8125 -2.1875 -5.70064360008e+045 
2.8125 -1.875 -5.45278953051e+045 
2.8125 -1.5625 -5.20493546094e+045 
2.8125 -1.25 -4.95708139137e+045 
2.8125 -0.9375 -4.7092273218e+045 
2.8125 -0.625 -4.46137325224e+045 
2.8125 -0.3125 -4.21351918267e+045 
2.8125 0 -3.9656651131e+045 
2.8125 0.3125 -3.71781104353e+045 
2.8125 0.625 -3.46995697396e+045 
2.8125 0.9375 -3.22210290439e+045 
2.8125 1.25 -2.97424883482e+045 
2.8125 1.5625 -2.72639476526e+045 
2.8125 1.875 -2.47854069569e+045 
2.8125 2.1875 -2.23068662612e+045 
2.8125 2.5 -1.98283255655e+045 
2.8125 2.8125 -1.73497848698e+045 
2.8125 3.125 -1.48712441741e+045 
2.8125 3.4375 -1.23927034784e+045 
2.8125 3.75 -9.91416278275e+044 
2.8125 4.0625 -7.43562208706e+044 
2.8125 4.375 -4.95708139137e+044 
2.8125 4.6875 -2.47854069569e+044 
3.125 -5 -4.1867787969e+049 
3.125 -4.6875 -4.05594195949e+049 
3.125 -4.375 -3.92510512209e+049 
3.125 -4.0625 -3.79426828469e+049 
3.125 -3.75 -3.66343144728e+049 
3.125 -3.4375 -3.53259460988e+049 
3.125 -3.125 -3.40175777248e+049 
3.125 -2.8125 -3.27092093508e+049 
3.125 -2.5 -3.14008409767e+049 
3.125 -2.1875 -3.00924726027e+049 
3.125 -1.875 -2.87841042287e+049 
3.125 -1.5625 -2.74757358546e+049 
3.125 -1.25 -2.61673674806e+049 
3.125 -0.9375 -2.48589991066e+049 
3.125 -0.625 -2.35506307325e+049 
3.125 -0.3125 -2.22422623585e+049 
3.125 0 -2.09338939845e+049 
3.125 0.3125 -1.96255256105e+049 
3.125 0.625 -1.83171572364e+049 
3.125 0.9375 -1.70087888624e+049 
3.125 1.25 -1.57004204884e+049 
3.125 1.5625 -1.43920521143e+049 
3.125 1.875 -1.30836837403e+049 
3.125 2.1875 -1.17753153663e+049 
3.125 2.5 -1.04669469922e+049 
3.125 2.8125 -9.15857861821e+048 
3.125 3.125 -7.85021024418e+048 
3.125 3.4375 -6.54184187015e+048 
3.125 3.75 -5.23347349612e+048 
3.125 4.0625 -3.92510512209e+048 
3.125 4.375 -2.61673674806e+048 
3.125 4.6875 -1.30836837403e+048 
3.4375 -5 7.8941125748e+055 
3.4375 -4.6875 7.64742155684e+055 
3.4375 -4.375 7.40073053888e+055 
3.4375 -4.0625 7.15403952092e+055 
3.4375 -3.75 6.90734850295e+055 
3.4375 -3.4375 6.66065748499e+055 
3.4375 -3.125 6.41396646703e+055 
3.4375 -2.8125 6.16727544907e+055 
3.4375 -2.5 5.9205844311e+055 
3.4375 -2.1875 5.67389341314e+055 
3.4375 -1.875 5.42720239518e+055 
3.4375 -1.5625 5.18051137722e+055 
3.4375 -1.25 4.93382035925e+055 
3.4375 -0.9375 4.68712934129e+055 
3.4375 -0.625 4.44043832333e+055 
3.4375 -0.3125 4.19374730537e+055 
3.4375 0 3.9470562874e+055 
3.4375 0.3125 3.70036526944e+055 
3.4375 0.625 3.45367425148e+055 
3.4375 0.9375 3.20698323351e+055 
3.4375 1.25 2.96029221555e+055 
3.4375 1.5625 2.71360119759e+055 
3.4375 1.875 2.46691017963e+055 
3.4375 2.1875 2.22021916166e+055 
3.4375 2.5 1.9735281437e+055 
3.4375 2.8125 1.72683712574e+055 
3.4375 3.125 1.48014610778e+055 
3.4375 3.4375 1.23345508981e+055 
3.4375 3.75 9.86764071851e+054 
3.4375 4.0625 7.40073053888e+054 
3.4375 4.375 4.93382035925e+054 
3.4375 4.6875 2.46691017963e+054 
3.75 -5 1.57491226116e+061 
3.75 -4.6875 1.525696253e+061 
3.75 -4.375 1.47648024484e+061 
3.75 -4.0625 1.42726423668e+061 
3.75 -3.75 1.37804822852e+061 
3.75 -3.4375 1.32883222036e+061 
3.75 -3.125 1.2796162122e+061 
3.75 -2.8125 1.23040020403e+061 
3.75 -2.5 1.18118419587e+061 
3.75 -2.1875 1.13196818771e+061 
3.75 -1.875 1.08275217955e+061 
3.75 -1.5625 1.03353617139e+061 
3.75 -1.25 9.84320163227e+060 
3.75 -0.9375 9.35104155066e+060 
3.75 -0.625 8.85888146905e+060 
3.75 -0.3125 8.36672138743e+060 
3.75 0 7.87456130582e+060 
3.75 0.3125 7.38240122421e+060 
3.75 0.625 6.89024114259e+060 
3.75 0.9375 6.39808106098e+060 
3.75 1.25 5.90592097936e+060 
3.75 1.5625 5.41376089775e+060 
3.75 1.875 4.92160081614e+060 
3.75 2.1875 4.42944073452e+060 
3.75 2.5 3.93728065291e+060 
3.75 2.8125 3.4451205713e+060 
3.75 3.125 2.95296048968e+060 
3.75 3.4375 2.46080040807e+060 
3.75 3.75 1.96864032645e+060 
3.75 4.0625 1.47648024484e+060 
3.75 4.375 9.84320163227e+059 
3.75 4.6875 4.92160081614e+059 
4.0625 -5 1.74896548557e+066 
4.0625 -4.6875 1.69431031415e+066 
4.0625 -4.375 1.63965514272e+066 
4.0625 -4.0625 1.5849999713e+066 
4.0625 -3.75 1.53034479987e+066 
4.0625 -3.4375 1.47568962845e+066 
4.0625 -3.125 1.42103445703e+066 
4.0625 -2.8125 1.3663792856e+066 
4.0625 -2.5 1.31172411418e+066 
4.0625 -2.1875 1.25706894275e+066 
4.0625 -1.875 1.20241377133e+066 
4.0625 -1.5625 1.1477585999e+066 
4.0625 -1.25 1.09310342848e+066 
4.0625 -0.9375 1.03844825706e+066 
4.0625 -0.625 9.83793085633e+065 
4.0625 -0.3125 9.29137914209e+065 
4.0625 0 8.74482742785e+065 
4.0625 0.3125 8.19827571361e+065 
4.0625 0.625 7.65172399937e+065 
4.0625 0.9375 7.10517228513e+065 
4.0625 1.25 6.55862057089e+065 
4.0625 1.5625 6.01206885664e+065 
4.0625 1.875 5.4655171424e+065 
4.0625 2.1875 4.91896542816e+065 
4.0625 2.5 4.37241371392e+065 
4.0625 2.8125 3.82586199968e+065 
4.0625 3.125 3.27931028544e+065 
4.0625 3.4375 2.7327585712e+065 
4.0625 3.75 2.18620685696e+065 
4.0625 4.0625 1.63965514272e+065 
4.0625 4.375 1.09310342848e+065 
4.0625 4.6875 5.4655171424e+064 
4.375 -5 1.03300598104e+071 
4.375 -4.6875 1.00072454414e+071 
4.375 -4.375 9.68443107228e+070 
4.375 -4.0625 9.36161670321e+070 
4.375 -3.75 9.03880233413e+070 
4.375 -3.4375 8.71598796506e+070 
4.375 -3.125 8.39317359598e+070 
4.375 -2.8125 8.0703592269e+070 
4.375 -2.5 7.74754485783e+070 
4.375 -2.1875 7.42473048875e+070 
4.375 -1.875 7.10191611967e+070 
4.375 -1.5625 6.7791017506e+070 
4.375 -1.25 6.45628738152e+070 
4.375 -0.9375 6.13347301245e+070 
4.375 -0.625 5.81065864337e+070 
4.375 -0.3125 5.48784427429e+070 
4.375 0 5.16502990522e+070 
4.375 0.3125 4.84221553614e+070 
4.375 0.625 4.51940116707e+070 
4.375 0.9375 4.19658679799e+070 
4.375 1.25 3.87377242891e+070 
4.375 1.5625 3.55095805984e+070 
4.375 1.875 3.22814369076e+070 
4.375 2.1875 2.90532932169e+070 
4.375 2.5 2.58251495261e+070 
4.375 2.8125 2.25970058353e+070 
4.375 3.125 1.93688621446e+070 
4.375 3.4375 1.61407184538e+070 
4.375 3.75 1.2912574763e+070 
4.375 4.0625 9.68443107228e+069 
4.375 4.375 6.45628738152e+069 
4.375 4.6875 3.22814369076e+069 
4.6875 -5 6.24284032484e+074 
4.6875 -4.6875 6.04775156469e+074 
4.6875 -4.375 5.85266280454e+074 
4.6875 -4.0625 5.65757404439e+074 
4.6875 -3.75 5.46248528424e+074 
4.6875 -3.4375 5.26739652409e+074 
4.6875 -3.125 5.07230776393e+074 
4.6875 -2.8125 4.87721900378e+074 
4.6875 -2.5 4.68213024363e+074 
4.6875 -2.1875 4.48704148348e+074 
4.6875 -1.875 4.29195272333e+074 
4.6875 -1.5625 4.09686396318e+074 
4.6875 -1.25 3.90177520303e+074 
4.6875 -0.9375 3.70668644288e+074 
4.6875 -0.625 3.51159768272e+074 
4.6875 -0.3125 3.31650892257e+074 
4.6875 0 3.12142016242e+074 
4.6875 0.3125 2.92633140227e+074 
4.6875 0.625 2.73124264212e+074 
4.6875 0.9375 2.53615388197e+074 
4.6875 1.25 2.34106512182e+074 
4.6875 1.5625 2.14597636166e+074 
4.6875 1.875 1.95088760151e+074 
4.6875 2.1875 1.75579884136e+074 
4.6875 2.5 1.56071008121e+074 
4.6875 2.8125 1.36562132106e+074 
4.6875 3.125 1.17053256091e+074 
4.6875 3.4375 9.75443800757e+073 
4.6875 3.75 7.80355040605e+073 
4.6875 4.0625 5.85266280454e+073 
4.6875 4.375 3.90177520303e+073 
4.6875 4.6875 1.95088760151e+073 
